Thanks to Jeff McWhirter for providing this image.

This image has GPS data.  The HX5V includes a built-in GPS receiver for geotagging photos automatically, and an on-screen compass that always indicates due north.

[Jpeg] Compression Type = Baseline
[Jpeg] Data Precision = 8 bits
[Jpeg] Image Height = 2736 pixels
[Jpeg] Image Width = 3648 pixels
[Jpeg] Number of Components = 3
[Jpeg] Component 1 = Y component: Quantization table 0, Sampling factors 1 horiz/2 vert
[Jpeg] Component 2 = Cb component: Quantization table 1, Sampling factors 1 horiz/1 vert
[Jpeg] Component 3 = Cr component: Quantization table 1, Sampling factors 1 horiz/1 vert
[Exif] Image Description =
[Exif] Make = SONY
[Exif] Model = DSC-HX5V
[Exif] Orientation = Top, left side (Horizontal / normal)
[Exif] X Resolution = 72 dots per inch
[Exif] Y Resolution = 72 dots per inch
[Exif] Resolution Unit = Inch
[Exif] Date/Time = 2010:07:14 11:00:23
[Exif] YCbCr Positioning = Datum point
[Exif] Exposure Time = 1/320 sec
[Exif] F-Number = F8
[Exif] Exposure Program = Program normal
[Exif] ISO Speed Ratings = 125
[Exif] Exif Version = 2.21
[Exif] Date/Time Original = 2010:07:14 11:00:23
[Exif] Date/Time Digitized = 2010:07:14 11:00:23
[Exif] Components Configuration = YCbCr
[Exif] Compressed Bits Per Pixel = 4 bits/pixel
[Exif] Exposure Bias Value = 0 EV
[Exif] Max Aperture Value = F3.5
[Exif] Metering Mode = Multi-segment
[Exif] Light Source = Unknown
[Exif] Flash = Flash did not fire, auto
[Exif] Focal Length = 4.25 mm
[Exif] FlashPix Version = 1.00
[Exif] Color Space = sRGB
[Exif] Exif Image Width = 3648 pixels
[Exif] Exif Image Height = 2736 pixels
[Exif] File Source = Digital Still Camera (DSC)
[Exif] Scene Type = Directly photographed image
[Exif] Custom Rendered = Normal process
[Exif] Exposure Mode = Auto exposure
[Exif] White Balance = Auto white balance
[Exif] Scene Capture Type = Landscape
[Exif] Contrast = None
[Exif] Saturation = None
[Exif] Sharpness = None
[Exif] Unknown tag (0xc4a5) = 80 114 105 110 116 73 77 0 48 51 48 48 0 0 2 0 2 0 1 0 0 0 1 1 3 0 0 0
[Exif] Thumbnail Compression = JPEG (old-style)
[Exif] Thumbnail Offset = 11282 bytes
[Exif] Thumbnail Length = 11490 bytes
[Exif] Thumbnail Data = [11490 bytes of thumbnail data]
[Sony Makernote] Unknown tag (0x2000) = 0
[Sony Makernote] Unknown tag (0x200a) = 0
[Sony Makernote] Unknown tag (0x3000) = 73 73 72 0 1 1 50 48 49 48 58 48 55 58 49 52 32 49 49 58 48 48 58 50 51 0 -80 10 64 14 0 0 -46 3 0 0 0 0 0 0 0 0 0 0 0 0 0 0 0 0 32 0 68 67 54 51 48 51 51 50 48 50 50 50 48 48 48 0 0 0 0 0 0 0 0 0 0 0 0 0 0 0 0 0 0 0 0 0 0 0 0 0 0 0 0 0 0 0 0 0 0 0 0 0 0 0 0 0 0 0 0 0 0 0 0 0 0 0 0 0 0 0 0 0 0 0 0 0 0 0 0 0 0 0 0 0 0 0 0 0 0 0 0 0 0 0 0 0 0 0 0 0 0 0 0 0 0 0 0 0 0 0 0 0 0 0 0 0 0 0 0 0 0 0 0 0 0 0 0 0 0 0 0 0 0 0 0 0 0 0 0 0 0 0 0 0 0 0 0 0 0 0 0 0 0 0 0 0 0 0 0 0 0 0 0 0 0 0 0 0 0 0 0 0 0 0 0 0 0 0 0 0 0 0 0 0 0 0 0 0 0 0 0 0 0 0 0 0 0 0 0 0 0 0 0 0 0 0 0 0 0 0 0 0 0 0 0 0 0 0 0 0 0 0 0 0 0 0 0 0 0 0 0 0 0 0 0 0 0 0 0 0 0 0 0 0 0 0 0 0 0 0 0 0 0 0 0 0 0 0 0 0 0 0 0 0 0 0 0 0 0 0 0 0 0 0 0 0
[Sony Makernote] Color Mode Setting = Standard
[Sony Makernote] Unknown tag (0x9001) = 81 56 0 112 -54 -120 1 0 108 1 53 27 64 -118 32 -51 0 -82 -22 0 0 71 -40 0 -102 0 0 0 0 0 0 0 -102 0 0 0 -87 -119 -22 0 8 1 108 0 85 -84 0 0 -123 57 -74 0 -36 35 -118 -118 -11 105 0 0 0 0 18 -1 0 1 83 -127 0 -66 0 112 78 -127 0 -66 0 112 48 0 0 0 0 0 0 0 0 0 0 0 0 0 0 0 0 0 0 0 0 0 0 0 0 0 0 0 0 0 0 0 0 0 0 0 0 0 0 0 0 0 0 0 0 0 0 0 0 0 0 0 0 0 0 0 0 0 0 0 0 0 0 0 0 0 0 0 0 0 82 78 -127 0 36 0 82 0 82 0 0 127 0 -121 2 127 56 101 -57 -41 0 0 0 0 0 0 0 0 0 0 0 0 125 -36 0 0 67 -96 0 0 74 -69 0 0 0 0 0 0 0 0 0 0 0 0 0 0 0 0 0 0 0 0 0 0 0 0 0 0 -43 43 0 0 -27 1 -127 0 108 125 0 0 0 0 0 0 0 0 0 0 0 0 0 0 0 0 0 0 0 0 0 0 0 0 0 0 0 0 0 0 0 0 0 0 0 0 0 0 0 0 0 0 0 0 0 0 0 0 0 0 0 73 0 0 0 0 0 0 0 0 0 0 0 0 0 0 0 0 0 0 0 0 0 0 0 0 0 0 0 0 0 0 0 0 0 0 0 0 0 0 0 0 0 0 14 -7 0 0 0 0 0 0 0 0 0 0 -118 1 75 102 0 0 81 0 78 0 -25 1 1 0 0 0 125 0 74 112 -60 0 74 -60 0 0 0 0 0 0 0 0 65 0 50 47 -4 -45 95 57 0 125 -50 8 -110 68 12 105 12 -66 -108 -107 -79 92 -108 26 -21 -120 -21 -41 -65 47 50 57 50 -16 1 0 56 121 125 0 0 112 0 112 0 112 64 -118 84 27 0 0 0 0 93 0 -60 0 -52 0 18 0 -92 14 61 4 0 0 0 0 0 0 0 0 0 0 0 -66 28 -127 -46 -118 -1 -118 -40 0 0 1 0 -40 1 86 0 27 1 27 0 0 0 0 0 0 0 0 0 0 0 0 0 0 0 0 0 0 0 0 0 0 0 0 0 0 0 0 0 0 0 0 0 0 0 0 0 0 0 0 0 0 0 0 0 0 0 0 -1 0 0 0 0 0 0 0 0 0 -25 0 -22 0 64 0 27 0 1 0 64 0 -1 -1 -1 -1 64 64 1 125 1 8 8 0 0 0 0 0 0 -66 -84 -127 -4 -118 0 0 0 0 0 0 0 0 0 0 0 0 0 0 0 0 0 0 0 0 0 0 0 0 0 0 0 0 0 0 0 0 0 0 0 0 0 0 0 0 0 0 0 0 -50 8 -25 0
[Sony Makernote] Unknown tag (0x9002) = -22 86 0 0 27 0 8 0 104 5 0 0 -32 0 86 112 124 -118 124 -118 -120 112 -120 112 -32 0 -29 105 65 5 0 0 0 0 0 0 0 0 25 112 65 -118 -1 0 0 0 0 0 125 0 0 0 0 0 105 0 81 0 0 4 1 0 0 1 0 -21 -26 14 0 0 5 0 -5 93 0 0 0 0 7 -25 0 0 -52 14 -1 1 0 18 68 8 0 0 -127 0 0 0 0 0 82 94 0 0 0 0 0 0 0 112 -37 -22 0 0 0 0 0 8 -110 68 0 0 0 8 0 0 0 0 0 0 0 0 0 0 0 -25 0 0 105 0 0 0 0 0 0 0 0 0 0 0 0 0 0 0 0 0 0 0 0 0 0 0 0 0 0 0 0 0 0 0 0 0 0 0 0 0 0 0 0 0 0 0 0 0 0 0 0 0 0 0 0 0 0 1 0 0 0 0 0 0 0 0 0 0 0 -12 -118 113 -118 13 -118 113 -118 -115 -118 113 -118 113 -118 -14 -118 -47 -118 1 18 -1 8 -20 0 0 0 1 0 0 0 0 4 0 0 0 -110 1 0 -119 -74 70 -118 30 119 119 30 30 119 119 30 119 0 105 0 105 0 105 0 105 0 105 0 105 0 105 0 105 0 105 0 -82 17 -82 17 -82 -104 -58 54 -82 17 -82 17 -82 17 -82 -104 -58 -104 74 74 74 -2 -1 -2 74 -4 -3 74 -6 -3 -3 74 0 74 -8 0 -7 -1 -2 8 -4 8 8 -1 1 1 27 -2 8 -1 0
[Sony Makernote] Unknown tag (0x9003) = -51 -67 -23 0 -28 0 54 0 0 1 120 1 50 8 0 1 -51 125 13 108 -66 0 4 -96 119 125 -24 -96 1 0 -5 108 64 125 89 -83 15 38 65 78 19 19 -67 -67 112 32 -1 39 -67 -67 0 -32 7 56 0 -32 7 56 -121 21 -17 -109 -30 -36 0 -32 7 56 1 -67 14 -16 7 16 14 -16 7 16 14 -16 7 16 1 -67 -67 -67 -67 -67 -67 -67 -67 116 43 -67 74 -30 0 116 -45 -67 113 -121 0 -61 8 1 14 -25 0 1 -51 5 95 -67 62 12 117 14 113 12 94 14 -107 -74 10 -22 -20 -74 15 -22 92 1 123 -1 64 18 -6 81 -81 -52 -26 -123 8 -118 91 112 111 0 51 0 18 0 -60 0 -67 -67 -67 -67 -67 -67 -4 26 62 -35 -6 76 72 21 21 -30 97 110 -15 -17 -115 98 68 -53 -74 -106 -23 76 92 49 -110 116 -112 76 -42 57 -84 90 125 2 55 117 -29 -5 -77 116 -66 93 -102 -125 114 1 -8 -121 1 0 -127 94 88 -25 -67 -67 114 76 99 -125 100 76 -55 -125 -67 -67 89 76 62 -125 111 76 -91 -125 -60 -67 -67 -67 100 76 -55 -125 89 76 62 -125 0 -107 0 -67 89 76 62 -125 -55 76 22 -125 120 1 50 8 111 76 -91 -125 8 -67 72 105 -67 -67 -67 -67 -67 -67 -67 -67 -67 -67 -67 -67 -67 -67 -67 -67 -67 -67 -67 -67 -67 -67 -67 -67 -67 -67 -67 -67 -67 -67 -67 0 0 -67 -67 -67 -67 -67 -67 -67 63 76 -10 24 -67 -67 -67 -67 -67 -67 0 0 0 0 0 0 0 0 0 0 0 -67 -67 74 -67 1 -67 -67 -67 -67 -67 -67 -113 97 -96 -67 -67 -67 -67 -67 -67 -67 1 0 0 0 -1 0 0 0 0 -67 0 0 0 0 0 0 0 0 0 0 0 0 0 0 0 0 0 0 0 0 0 0 0 -67 -51 -16 -84 -61 -67 0 0 1 0 0 0 0 6 0 0 0 14 -16 7 16 0 0 0 0 0 0 0 0 0 0 0 81 0 0 0 0 0 0 -67 -67 -67 -67 0 1 0 1
[Sony Makernote] Unknown tag (0x9004) = 5 1 -128 0 -87 -113 -59 0 -68 -33 -59 0 -37 25 -59 0 93 10 -59 0 0 0 0 0 0 0 0 0 -87 -113 -59 0 -68 -33 -59 0 -37 25 -59 0 93 10 -59 0 0 0 0 0 0 0 0 0 -128 0 0 8 27 105 0 0 53 1 0 0 27 0 0 0 0 0 0 0 0 125 0 -23 0 -77 -47 54 0 69 -38 28 0 0 0 0 0 0 0 0 52 -17 -75 -46 1 0 0 0 27 0 0 -66 124 -118 0 0 0 0 0 74 74 74 94 -121 1 0 0 0 -40 -40 -60 0 74 74 1 0 -96 1 1 5 0 12 112 4 -96 1 1 5 0 12 112 4 1 1 0 0 0 0 0 0 71 0 36 36 7 0 121 0 -1 27 -1 27 0 0 0 0 112 112 0 0 0 0 4 0 0 0 0 0 0 0 74 0 -118 0 0 0 0 0 0 0 112 32 -1 39 -62 0 83 0 -74 0 -17 0 64 0 0 27 36 -107 8 81 0 0 0 0 -96 1 0 0 -1 27 -1 27 -74 0 0 0 1 0 1 0 14 14 14 14 0 0 0 0 -74 -74 0 0 0 0 0 0 8 0 1 0 0 0 8 0 -122 0 0 0 1 0 -2 27 1 0 0 0 0 0 0 0 112 0 0 0 1 0 8 1 0 0 112 0 0 112 74 94 -1 27 0 0 27 0 27 0 -77 0 0 0 1 0 -2 27 -66 0 7 0 0 0 0 0 27 0 0 0 -74 1 -1 94 0 0 0 0 0 0 0 0 0 0 0 0 0 0 0 0 0 0 0 0 0 112 0 0 0 0 0 0 0 0 0 0 0 0 0 0 0 0 0 0 0 0 0 0 0 0 0 0 0 0 0 0 0 0 0 0 0 0 0 0 0 0 0 0 0 0 0 0 0 0 0 0 0 0 0 0 0 0 0 0 0 0 0 0 0 0 0 0 0 0 112 -107 117 0 0 0 -25 0 0 0 1 0 0 0 1 0 0 0 1 0 0 0 16 0 0 0 86 0 0 0 0 0 0 0 0 0 0 0 0 0 0 0 0 0 0 0 0 0 0 0 0 0 0 0 0 0 0 0 1 0 117 0 -40 0 1 0 1 0 117 0 -40 0 1 0 16 0 0 0 16 0 0 0 0 0 0 0 0 0 0 0 0 -77 -22 0 0 -77 -22 0 0 -77 -22 0 0 -77 -22 0 0 0 0 0 0 0 0 0 0 0 0 0 0 0 0 0 0 1 0 0 0 0 0 0
[Sony Makernote] Unknown tag (0x9005) = 125 1 1 109 1 0 94 0 1 0 7 0 0 0 0 0 0 0 0 0 0 0 0 0 108 0 0 0 0 0 27 0 0 0 8 0 27 0 0 0 0 0 0 0 0 0 0 0 0 0 -1 1 0 0 0 0 0 0 0 0 39 -88 0 16 125 112 34 -44 -128 8 0 -128 58 59 67 16 111 26 -88 81 -120 -45 118 8 -31 -77 74 0 -60 25 4 119 93 8 111 10 0 0 -69 8 0 74 -62 0 -74 27 121 0 -86 61 0 -58 42 74 -22 -36 37 125 -43 54 2 0 27 -40 39 77 0 0 125 112 113 30 -110 3 41 -79 -60 127 -106 92 35 -40 18 81 -8 14 1 112 0 0 0 93 -106 -106 -40 64 93 8 112 0 -46 -46 112 -25 0 -125 127 -106 -107 -127 2 0 -57 30 118 0 1 74 0 63 74 0 14 36 0 -22 -60 0 39 0 74 1 125 112 44 94 63 36 0 0 -37 64 93 74 35 -40 124 81 118 0 -25 -46 -31 -10 7 -98 92 -62 0 93 -60 1 105 118 112 -122 0 -77 -62 73 -62 -60 0 86 0 0 -31 -25 -71 -127 14 36 39 0 112 0 -88 112 36 26 14 0 -107 97 0 0 125 112 -55 94 -60 0 0 -78 116 -77 67 64 25 5 -123 -74 112 -62 25 52 -60 105 52 14 -74 -74 112 118 -122 -128 -52 -49 94 -57 12 -30 -104 86 -20 -94 -74 -36 -20 70 -25 -57 64 -41 52 0 0 27 96 112 0 42 -109 -68 91 116 -61 50 101 -36 -118 -31 62 37 -106 -86 -38 -88 7 32 40 91 74 105 -76 81 -107 1 29 -103 8 14 -55 36 -92 -27 71 0 -107 36 112 -46 -120 -66 -106 -25 0 67 113 111 1 91 8 0 -107 -121 116 27 77 77 49 -25 2 64 12 -28 -105 -23 108 -86 86 -103 112 -22 125 112 59 91 -128 -56 -68 -70 24 -39 93 -103 127 8 -58 -74 -52 111 73 9 0 7 -82 -121 100 52 105 24 -69 1 -123 20 -44 39 49 -20 -25 -31 -115 52 40 51 -65 -41 43 -107 -22 -104 -60 -84 125 79 -125 -123 66 -59 91 4 22 17 -51 -29 96 64 -118 112 59 -22 -36 8 62 25 66 -60 -55 -90 -13 93 -50 81 112 0 -78 -74 -31 14 21 127 17 98 92 86 27 0 -57 -75 -107 -25 1 126 25 -106 8 -128 39 0 -96 0 96 -23 -122 0 12 -63 81 86 121 93 -48 2 -86 -98 -110 -121 -107 63 0 61 125 112 -119 -121 -25 60 125 27 102 47 -60 -128 -40 7 -64 81 -74 37 1 0 -31 74 64 -98 -37 93 -60 49 -60 0 0 -86 -69 -25 -63 1 21 64 -125 -76 0 0 112 0 0 112 81 118 -60 -86 0 14 -86 -121 0 36 112 -22 27 17 0 -78 0 -22 125 112 113 125 14 74 -107 0 -10 95 -98 -60 0 14 -50 81 41 0 -110 112 53 -10 124 14 -62 16 64 39 40 41 -31 4 -69 0 -69 118 14 16 74 -40 21 63 2 0 0 -86 30 -107 -60 -66 105 14 -31 81 0 0 36 61 4 112 -22 -57 36 39 125 112 -119 88 -60 74 81 -127 17 96 -50 -22 -60 4 29 81 -25 -120 8 112 -121 1 -60 73 -60 -52 -62 73 47 0 56 -107 102 -74 112 112 1 -60 -60 -40 39 -115 36 0 0 0 -74 -46 -69 54 64 0 29 81 -60 -66 112 26 -36 -86 125 117 74 1 125 112 15 95 63 -66 0 -25
[Sony Makernote] Unknown tag (0x9006) = 27 -69 12 108 108 108 40 -96 -69 40 108 -96 -96 40 -110 -96 81 7 -16 57 -107 108 106 26 51 50 35 26 106 106 2 50 -38 50 2 106 106 26 51 50 51 26 106 -45 106 26 2 26 106 -45 -77 -56 -73 37 -122 -28 94 -28 -106 20 123 126 93 58 -72 -102 -97 -102 62 126 -127 126 -45 126 33 -77 51 -77 34 49 -55 49 -18 -44 45 -27 -39 123 93 -81 -113 -81 -118 65 1 -87 96 65 -41 -125 -66 24 -36 -125 121 -125 43 65 -121 -125 -94 24 -83 95 -93 87 -86 24 96 24 -94 -125 115 87 49 -125 117 24 -40 -79 -69 24 -75 24 -52 -125 78 24 -15 24 99 49 109 49 -8 49 0 -44 82 108 80 -20 -18 -20 -120 -20 -53 -20 67 40 -7 12 -81 -20 -79 -20 81 -20 -123 40 59 40 0 -20 -12 40 101 -96 -97 -96 7 108 -77 108 28 108 51 108 -126 108 -59 81 -61 -107 -68 -96 -79 -107 -67 -96 -118 81 95 81 -76 -107 40 -107 -27 -107 99 -107 -87 81 -16 -107 69 -107 9 -107 42 -107 86 81 1 81 -90 -107 65 81 -71 -107 -119 -107 -104 81 -78 -107 -17 -45 104 81 -55 -107 50 81 123 -45 126 -45 -97 -45 -122 -45 91 -45 -79 47 -67 106 43 -45 22 81 -81 -45 -1 -45 -85 -45 -96 -45 -29 47 -13 12 -3 -110 114 40 -96 40 70 -20 62 -20 17 108 109 -41 -122 -66 -80 -66 -85 -66 51 12 13 -41 -86 -41 -35 -41 -18 -41 -7 -66 48 12 -68 -69 -48 -66 62 -66 -20 -66 -127 -66 -22 -41 -110 -110 21 -41 59 48 125 -66 -102 -66 121 -41 -126 -127 -98 -41 106 -41 108 -127 -17 -41 67 125 67 125 67 125 -18 125 63 125 63 64 22 1 34 125 13 125 -45 125 -122 64 101 125 -6 64 -66 27 -111 0 -127 0 8 0 0 0 0 0 0 0 0 0 0 0 0 0 0 0 0 0 108 0 0 0 0 0 0 0 0 0 0 0 70 0 0 0 0 0 0 0 0 0 0 0 0 0 0 0 0 0 0 0 0 0 0 0 0 0 0 0 0 0 0 0 0 0 0 0 67 125 67 125 67 125 67 125 67 125 67 125 67 125 67 125 67 125 67 125 67 125 67 125 67 125 67 125 67 125 67 125 67 125 67 125 67 125 67 125 67 125 67 125 67 125 67 125 67 125 67 125 67 125 67 125 67 125 67 125 67 125 67 125 -128 125 67 125 67 125 67 125 67 125 67 125 52 125 65 64 67 125 67 125 67 125 67 125 67 125 67 125 67 125 67 125 67 125 1 0 48 0 -5 0 -117 0 45 0 -49 0 75 0 49 0 73 0 -31 0 -103 0 34 0 -99 0 -7 0 -36 1 -60 1 -38 1 -42 1 -83 1 -32 8 115 8 103 8 37 27 -21 27 -47 64 -100 125 58 -40 -45 14 31 -25 55 4 -28 -22 -78 -22 41 -22 119 86 42 4 31 -25 90 94 52 125 -2 27 -6 8 91 8 -3 1 -102 1 -71 0 104 0 44 0 3 0 -63 0 -94 0 60 0 -80 0 61 0 -85 0 -69 1 69 8 -50 64 91 125 -43 -40 -84 -25 109 4 -73 -25 11 14 -86 14 94 86 27 0 0 0 0 0 2 27 -40 94 -115 -79 0 0 0 -40 32 -51 43 -69 50 47 29 -17 -4 -45 0 0 0 0 0 14 0 0 0 0 0 0 0 0 0 0 0 0 0 0 0 0 0 0 0 0 0 0 0 0 0 0 0 0 0 0 0 0 0 0 0 0 0 0 0 0 0 0 0 0 0 0 0 0 0 0 0 0 0 0 0 0 0 0 0 0 0 0 0 0 0 0 0 0 0 0 0 0 0 0 0 0 0 0 0 0 0 0 0 0 0 0 0 0 0 0 0 0 0 0 0 0 0 0 0 0 0 0 0 0 0 0 0 0 0 0 0 0 0 0 0 0 0 0 0 0 0 0 0 0 0 0 0 0 0 0 0 0 0 0 0 0 0 0 0 0 0 0 0 0 0 0 0 0 0 0 0 0 0 0 0 0 0 0 0 0 0 0 0 0 0 0 0 0 0 0 0 0 0 0 0 0 0 0 0 0 0 0 0 0 0 0 0 0 0 0 0 0 0 0 0 0 0 0 0 0 0 0 0 0 0 0 0 0 0 0 0 0 0 0 0 0 0 0 0 0 0 0 0 0 0 0 0 0 0 0 0 0 0 0 0 0 0 0 0 0 0 0 0 0 0 0 0 0 0 0 0 0 0 0 0 0 0 0 0 0 0 0 0 0 0 0 0 0 0 0 0 0 0 0 0 0 0 0 0 0 0 0 0 0 0 0 0 0 0 0 0 0 0 0 14 0 4 0 5 0 112 0 -118 0 -120 0 12 0 5 0 -51 0 112 0 105 0 -74 0 -118 0 -120 0 -120 0 -120 0 -120 0 -120 0 -51 0 -51 0 -25 0 -66 0 -96 0 12 0 57 0 48 0 -45 0 81 0 -127 0 -45 0 47 0 105 0 -66 0 106 0 93 0 57 0 -20 0 93 0 -127 0 14 0 7 0 7 0 106 0 47 0 -20 0 -45 0 57 0 -45 0 93 0
[Sony Makernote] Unknown tag (0x9007) = 27 0 92 -118 1 112 111 112 -46 105 76 -120 107 -120 106 -120 29 105 -15 112 56 112 6 105 34 -120 66 32 -26 -66 -121 -41 -8 -41 109 -41 -3 -66 -68 48 -104 32 0 0 0 0 0 0 0 0 0 0 0 0 0 0 0 0 0 0 0 0 0 0 0 0 0 0 0 0 0 0 0 0 0 0 0 0 0 0 0 0 0 0 0 0 0 0 0 0 0 0 0 0 0 0 0 0 0 0 0 0 0 0 0 0 0 0 0 0 0 0 0 0 0 0 0 0 0 0 0 0 0 0 0 0 0 0 0 0 0 0 0 0 -118 4 -69 86 71 -22 85 5 83 -118 8 112 -18 -118 -98 5 -59 -22 -45 86 -11 86 74 -51 -27 5 -8 112 120 -74 -26 105 112 105 -13 -74 8 -118 52 -51 0 0 0 0 0 0 0 0 0 0 0 0 0 0 0 0 0 0 0 0 0 0 0 0 0 0 0 0 0 0 0 0 0 0 0 0 0 0 0 0 0 0 0 0 0 0 0 0 0 0 0 0 0 0 0 0 0 0 0 0 0 0 0 0 0 0 0 0 0 0 0 0 0 0 0 0 0 0 0 0 0 0 0 0 0 0 0 0 0 0 0 0 62 -121 -79 -17 -2 -73 96 35 14 -29 67 -36 -105 -60 -2 -114 96 -84 10 -17 25 112 -94 112 -92 112 -18 112 93 112 -4 -118 -113 -118 -123 -118 -52 -118 65 -118 0 0 0 0 0 0 0 0 0 0 0 0 0 0 0 0 0 0 0 0 0 0 0 0 0 0 0 0 0 0 0 0 0 0 0 0 0 0 0 0 0 0 0 0 0 0 0 0 0 0 0 0 0 0 0 0 0 0 0 0 0 0 0 0 0 0 0 0 0 0 0 0 0 0 0 0 0 0 0 0 0 0 0 0 0 0 0 0 0 0 0 0 0 0
[Sony Makernote] Unknown tag (0x9008) = 94 0 0 0 112 126 -102 8 73 61 -91 64 95 100 28 64 5 59 89 1 102 -121 64 0 -82 -115 80 1 -34 -73 14 27 52 54 -2 8 56 -124 84 1 -86 -50 -16 0 14 -89 -18 0 2 109 82 0 36 -100 12 0 7 79 1 0 2 -46 0 0 -13 -79 58 0 -84 36 -39 0 -107 -81 62 0 -22 -42 -29 0 26 8 27 0 37 60 64 0 -90 32 27 0 2 8 1 0 112 126 -102 8 73 61 -91 64 95 100 28 64 5 59 89 1 20 -94 15 0 89 -18 3 1 -31 -122 42 1 -58 -87 11 0 -64 -42 1 0 -76 94 0 0 102 -121 64 0 -113 85 1 0 -70 -16 2 -44 -10 26 54 -27 -66 26 -106 21 -78 76 70 21 -55 76 -23 21 49 76 91 70 -36 -121 59 -126 2 26 67 -44 105 26 -38 49 -56 76 -20 21 106 76 -21 -27 -27 76 -80 21 41 76 67 -44 -28 76 112 123 -51 -30 -118 -109 106 -30 75 91 -91 26 64 97 -115 26 -59 -79 40 -16 54 87 15 26 -66 -87 40 -16 4 88 76 36 126 101 96 -17 -64 127 -99 -16 74 98 32 -17 -115 98 -104 -30 20 83 -2 -17 -46 79 57 36 -59 69 100 -17 -5 79 44 -30 29 -10 57 -17 -96 -10 -104 -17 -2 84 -21 -17 46 56 2 -17 -51 78 -24 -17 92 -10 100 -17 -94 78 -28 -17 -11 78 -64 -17 -96 -10 -95 -17 124 75 -115 -17 72 -10 97 36 -111 78 -51 36 39 78 34 -17 -118 98 21 36 -116 79 -7 -17 114 69 17 121 33 79 -115 36 84 -10 -65 -17 12 -18 77 36 34 98 -123 28 28 -56 85 95 82 -97 -97 -80 95 95 49 -35 108 108 -96 106 26 -73 96 112 32 -74 -41 -69 -41 -41 -74 -41 40 -59 48 40 12 -69 -120 -69 -110 32 -110 40 -127 12 40 -107 108 -96 -96 0 0 0 0 0 0 0 0 0 0 0
[Sony Makernote] Unknown tag (0x9009) = 27 92 105 1 74 119 31 53 6 29 12 8 27 -1 -15 -96 0 0 0 0 0 0 0 0 0 0 0 0 0 0 0 0 0 76 -1 -113 0 0 0 0 0 0 0 0 0 1 -1 -101 81 18 47 -69 93 -57 93 -119 0 0 0 0 0 0 0 1 74 125 74 125 74 14 64 -66 109 -2 109 -8 109 -2 64 112 74 125 74 8 74 14 -40 -66 109 -4 109 -8 109 -4 64 112 74 -109 74 19 74 50 14 112 109 34 109 34 109 -101 14 112 74 91 74 51 74 91 -74 112 109 -101 109 -93 109 -8 14 112 74 51 74 -73 74 -62 -40 70 109 -8 109 124 74 125 4 70 74 -70 74 92 74 -70 14 70 109 -1 109 -1 74 -118 14 70 74 7 74 32 74 7 94 112 74 -118 74 94 74 -118 14 112 74 32 74 0 74 32 94 112 74 94 74 0 74 94 86 112 74 0 74 0 74 0 -25 56 74 0 74 0 74 0 125 56 74 0 74 0 74 0 4 56 74 0 74 0 74 0 125 56 74 0 74 0 74 0 94 112 74 0 74 0 74 0 125 112 74 0 74 0 74 0 125 112 74 0 74 0 74 0 27 112
[Sony Makernote] Unknown tag (0x900a) = 8 0 0 0 0 0 0 0 0 0 0 0 0 0 0 0 0 0 0 0 0 0 0 0 0 0 0 0 0 0 0 0 0 0 0 0 0 0 0 0 0 0 0 0 0 0 0 0 0 0 0 0 0 0 0 0 0 0 0 0 0 0 0 0 0 0 0 0 0 0 0 0 0 0 0 0 -35 0 0 0 27 0 0 0 0 0 0 0 83 0 0 0 56 0 0 0 -30 0 0 0 -25 0 0 0 1 0 0 0 -118 0 0 0 82 0 0 0 -101 -1 -1 -1 2 0 0 0 0 0 0 0 0 0 0 0 0 0 0 0 0 0 0 0 0 0 0 0 0 0 0 0 0 0 0 0 0 0 0 0 0 0 0 0 0 0 0 0 0 0 0 0 0 0 0 0 0 0 0 0 0 0 0 0 0 0 0 0 0 0 0 0 0 0 0 0 0 0 0 0 0 0 0 0
[Sony Makernote] Unknown tag (0x900b) = 94 86 0 0 0 0 0 0 0 0 0 0 0 0 0 0 0 0 0 0 0 0 0 0 0 0 0 0 0 0 0 0 0 0 0 0 0 0 0 0 0 0 0 0 0 0 0 0 0 0 0 0 0 0 0 0 0 0 0 0 0 0 0 0 0 0 0 0 0 0 0 0 0 0 0 0 0 0 0 0 0 0 0 0 0 0 0 0 0 0 0 0 0 0 0 0 0 0 0 0 0 0 0 0 0 0 0 0 0 0 0 0 0 0 0 0 0 0 0 0 0 0 0 0 0 0 0 0 0 0 0 0 0 0 0 0 0 0 0 0 0 0 0 0 0 0 0 0 0 0 0 0 0 0 0 0 0 0 0 0 0 0 0 0 0 0 0 0 0 0 0 0 0 0 0 0 0 0 0 0 0 0 0 0 0 0 0 0 1 1 0 0 0 0 0 0 0 0 0 0 0 0 0 0 0 0 0 0 0 0 0 0 0 0 0 0 0 0 0 0 0 0 0 0 0 0 0 0 0 0 0 0 0 0 0 0 0 0 0 0 0 0 0 0 0 0 0 0 0 0 0 0 0 0 0 0 0 0 0 0 0 0 0 0 0 0 0 0 0 0 0 0 0 0 0 0 0 0 0 0 0 0 0 0 0 0 0 0 0 0 0 0 0 0 0 0 0 0 0 0 0 0 0 0 0 0 0 0 0 0 0 0 0 0 0 0 0 0 0 0 0 0 0 0 0 0 0 0 0 0 0 0 0 0 0 0 0 0 0 0 0 0 0 0 0 0 0 0 0 0 0 0 0 0 0 0 0 0 0 0 0 0 0 0 0 0 0 0 0 0 0 0 0 0 0 0 0 0 0 0 0 0 0 0 0 0 0 0 0 0 0 0 0 0 0 0 0 0 0 0
[Sony Makernote] Unknown tag (0x900c) = 14 27 -36 56 27 0 0 0 -118 0 1 0 1 0 0 0 0 0 0 0 1 0 0 0 0 0 0 0 36 121 36 -84 0 0 0 0 27 0 0 0 0 -57 63 -95 0 0 79 0 -107 112 94 32 -74 0 47 0 0 0 0 0 -123 21 63 -95 -10 1 0 0 0 0 0 0 0 -57 63 -95 0 0 -75 0 0 112 0 0 0 115 63 -95 -107 0 0 0 0 0 0 0 8 0 1 0 101 88 95 -107 2 71 -107 2 36 121 36 0 0 0 0 0 2 -73 -111 121 121 -111 -32 -70 0 0 0 0 18 33 1 32 33 124 1 7 124 124 1 112 0 125 0 -23 0 -77 -47 54 0 69 -38 28 0 0 0 0 0 0 0 0 52 -17 -75 -46 -4 124 1 -107 71 -71 1 81 -36 -71 1 -45 1 1 1 0 82 -71 1 47 -36 -71 1 -74 -27 -15 1 106 -33 -15 1 93 -33 -15 1 2 0 0 74 8 62 1 0 0 0 49 -86 -46 0 39 -25 0 -5 -15 1 -60 -4 -15 1 105 52 -17 -75 -46 -48 49 -75 -46 -30 -8 1 92 -17 -8 1 -120 -107 -7 1 57 81 -7 1 -73 -60 5 -86 4 0 0 79 0 52 -17 -75 -46 -57 125 71 64 0 0 -22 0 0 -57 63 -95 0 0 79 0 0 1 0 0 0 0 0 0 0 0 0 0 0 0 0 0 0 0 0 0 0 0 0 0 0 0 0 0 0 0 0 0 0 0 0 0 0 0 0 0 0 0 0 0 0 0 0 0 0 0 0 0 0 0 0 0 0 0 0 0 0 0 0 0 0 0 0 0 0 0 0 0 0 0 0 0 0 0 0 0 0 0 0 0 0 0 0 0 0 0 0 0 0 0 0 0 0 0 0 0 0 0 0 0 0 0 0 0 0 0 0 0 0 0 0 0 0 0 0 0 0 0 0 0 0 0 0 0 0 0 0 0 0 0 0 0 0 0 0 0 0 0 0 0 0 0 0 0 0 0 0 0 0 0 0 0 0 0 0 0 0 0 0 0 0 0 0 0 0 0 0 0 0 0 0 0 0 0 0 0 0 0 0 0 0 0 0 0 0 0 0 0 0 0 0 0 0 0 0 0 0 0 0 0 0 0 0 0 0 0 0 0 0 0 0 0 0 0 0 0 124 1 0 0
[Sony Makernote] Macro = Off
[Sony Makernote] Exposure Mode = Unknown (30)
[Sony Makernote] Unknown tag (0xb042) = 4
[Sony Makernote] Unknown tag (0xb043) = 1
[Sony Makernote] Unknown tag (0xb044) = 1
[Sony Makernote] Unknown tag (0xb045) = 0
[Sony Makernote] Unknown tag (0xb046) = 0
[Sony Makernote] Quality = Normal
[Sony Makernote] Unknown tag (0xb048) = 0
[Sony Makernote] Unknown tag (0xb049) = 0
[Sony Makernote] Unknown tag (0xb04a) = 0
[Sony Makernote] Anti Blur = On (Shooting)
[Sony Makernote] Unknown tag (0xb04c) = 5
[Sony Makernote] Unknown tag (0xb04d) = 0
[Sony Makernote] Long Exposure Noise Reduction = Off
[Sony Makernote] Unknown tag (0xb04f) = 1
[Sony Makernote] Unknown tag (0xb050) = 0
[Sony Makernote] Unknown tag (0xb051) = 0
[Sony Makernote] Unknown tag (0xb052) = 1
[Sony Makernote] Unknown tag (0xb053) = 0
[Sony Makernote] Unknown tag (0xb054) = 0
[Sony Makernote] Unknown tag (0xa000) = -2147483634
[Sony Makernote] Unknown tag (0xa001) = 0
[Sony Makernote] Unknown tag (0xa100) = -63 113 85 61 74 98 76 55 99 -47 -76 43 105 58 76 54 78 33 93 71 82 -107 47 29 -53 107 92 2 -86 96 30 38 84 -54 16 79 -43 -47 118 6 -4 -107 -125 -44 -93 -97 -118 107 -32 -100 71 35 109 -43 37 0 55 63 83 26 2 11 21 31 38 -85 50 20 -73 4 118 5 -12 -88 107 -79 63 56 95 50 -101 -39 50 28 51 29 -106 11 103 -55 -100 15 114 31 58 105 -114 -7 -10 58 -57 100 -101 9 -35 -60 7 21 56 -34 46 42 107 23 12 20 -3 59 -34 25 20 -117 -84 -115 -19 77 -100 13 -61 -94 21 -86 -25 91 -112 43 -46 90 50 50 41 90 -127 106 3 -90 -39 -123 85 123 -20 19 -81 42 -47 -103 4 -11 -24 31 37 64 -68 19 119 20 -7 0
[Sony Makernote] Unknown tag (0xa101) = 61 68 50 36 -20 116 107 57 -120 -117 3 5 59 34 90 39 -77 -108 -68 113 82 -97 102 44 51 65 53 35 85 83 -17 45 35 -29 98 119 -36 -25 77 17 60 -5 45 -19 109 -19 -59 103 91 -124 60 45 -48 -66 -40 8 -71 35 -30 24 -77 -39 91 55 -101 -118 -40 24 72 -121 4 53 22 -5 57 45 -33 16 104 22 18 12 4 21 -60 46 53 5 17 -17 0 57 80 -86 -103 6 -7 38 -25 11 34 -102 -107 4 67 -90 27 4 52 86 25 9 37 41 126 26 -91 64 -123 42 -42 4 -12 17 51 106 71 29 -95 -52 40 -41 49 126 56 59 120 14 101 56 -55 -54 28 71 -6 105 -96 41 -86 -25 68 11 -73 -84 71 5 -35 112 64 59 54 -13 44 19 100 -107 37 16 105 99 19 9 -82 -120 40 0 -97 -5 -83 4 -105 113 -76 55 121 -28 28 62 52 25 -55 13 102 78 70 38 -4 -1 109 9 22 -50 15 0 91 87 -26 51 0 -65 -86 22 -68 39 -104 3 -120 -26 -59 -42 -10 82 104 62 -9 49 44 83 -39 24 28 49 -121 10 46 61 62 35 -4 3 104 49 68 10 7 12 39 33 -40 -128 -31 37 -98 -58 13 38 86 84 -35 13 -104 100 -12 43 90 18 -6 7 105 -8 -49 14 -61 100 24 24 -104 -61 24 52 -6 112 56 20 -63 -80 119 54 126 117 -126 39 98 -68 93 34 -73 90 105 62 -83 120 -51 38 92 -94 88 61 -43 -78 97 17 -72 -126 40 54 115 -123 -113 12 17 -67 -89 -47 76 -74 -126 42 105 -5 -68 18 39 -120 -62 37 -125 31 -7 10 127 78 46 27 -39 -65 115 14 -5 10 16 -60 71 -38 113 40 64 -52 127 26 -127 -38 75 29 103 66 39 7 -7 -60 10 51 -59 -36 -54 14 -37 -78 59 37 -41 97 -124 48 -102 4 69 45 57 -79 33 10 71 -120 -92 52 14 25 -101 57 -11 63 32 36
[Sony Makernote] Unknown tag (0xa200) = 1 15 -27 51 74 99 85 51 35 -81 12 37 105 59 85 50 -114 -14 -101 78 82 -1 11 25 -117 -72 -110 11 10 15 2 38 84 -54 16 79 117 -44 78 2 60 -5 45 -19 109 -19 -59 103 91 -124 60 45 -48 -66 -40 8 -71 35 -30 24 -77 -39 91 55 -101 -118 -40 24 72 -121 4 53 22 -5 57 45 -33 16 104 22 18 12 4 21 -60 46 53 5 17 -17 0 57 80 -86 -103 6 -7 38 -25 11 34 -102 -107 4 67 -90 27 4 52 86 25 9 37 41 126 26 -91 64 -123 42 -42 4 -12 17 51 106 71 29 -95 -52 40 -41 49 126 56 59 120 14 101 56 -55 -54 28 71 -6 105 -96 41 -86 -25 68 11 -73 -84 71 5 -35 112 64 59 54 -13 44 19 100 -107 37 16 105 99 19 9 -82 -120 40 0 -97 -5 -83 4 -105 113 -76 55 121 -28 28 62 52 25 -55 13 102 78 70 38 -4 -1 109 9 22 -50 15 0 91 87 -26 51 0 -65 -86 22 -68 39 -104 3 -120 -26 -59 -42 -10 82 104 62 -9 49 44 83 -39 24 28 49 -121 10 46 61 62 35 -4 3 104 49 68 10 7 12 39 33 -40 -128 -31 37 -98 -58 13 38 86 84 -35 13 -104 100 -12 43 90 18 -6 7 105 -8 -49 14 -61 100 24 24 -104 -61 24 52 -6 112 56 20 -63 -80 119 54 126 117 -126 39 98 -68 93 34 -73 90 105 62 -83 120 -51 38 92 -94 88 61 -43 -78 97 17 -72 -126 40 54 115 -123 -113 12 17 -67 -89 -47 76 -74 -126 42 105 -5 -68 18 39 -120 -62 37 -125 31 -7 10 127 78 46 27 -39 -65 115 14 -5 10 16 -60 71 -38 113 40 64 -52 127 26 -127 -38 75 29 103 66 39 7 -7 -60 10 51 -59 -36 -54 14 -37 -78 59 37 -41 97 -124 48 -102 4 69 45 57 -79 33 10 71 -120 -92 52 14 25 -101 57 -11 63 32 36 -118 -8 2 55 100 63 -40 -50 -109 -54 12 52 -123 -59 -105 3 70 -64 -35 40 110 22 -107 12 33 -7 -83 30 121 -32 -12 22 77 55 -7 -46 97 81 6 61 -8 -14 -29 84 72 -122 32 50 13 -119 44 20 -115 12 10 22 -1 -27 -83 58 -26 91 35 11 -59 -6 -44 17 -29 105 57 11 111 25 -73 31 6 -54 5 43 -33 -9 32 52 102 11 2 2 -127 -61 -66 41 45 61 73 56 76 68 -104 8 -85 51 -79 91 85 13 36 45 63 -39 6 35 57 70 -29 46 83 63 77 31 93 -94 73 38 -38 2 36 52 43 -10 -115 82 82 72 22 47 -39 82 -81 -2 52 6 -26 24 -2 -47 -91 5 42 20 -36 3 -72 10 -35 51 -39 -50 101 51 26 -23 -30 37 126 104 -1 61 -10 -87 109 18 66 -52 -34 59 12 -85 -2 53 -99 36 61 37 122 57 -85 51 -8 119 -61 11 -119 -114 -120 44 124 -42 1 54 37 -15 6 7 -72 36 -104 10 118 44 96 2 11 3 -122 14 -54 86 -44 16 108 15 -114 47 -69 92 118 -17 101 25 -68 24 -70 26 62 123 78 -100 72 26 8 21 -116 52 7 37 -120 43 -79 -108 60 7 -12 13 90 26 -27 -94 -42 33 -62 48 -30 68 -110 -83 -81 58 -125 -7 5 2 115 47 72 13 88 -50 -41 59 88 -122 -125 50 -67 5 43 38 24 -19 -73 30 -53 -55 81 43 -93 -68 -77 7 -43 -3 -11 14 -4 17 -18 8 -52 -116 44 22 25 124 -96 19 56 -59 -97 40 -106 -78 2 98 18 112 -74 50 -5 52 125 -41 83 -125 115 2 53 -28 -40 37 84 36 -39 8 87 119 -1 1 59 23 -3 118 109 16 125 43 25 -30 -25 120 -122 116 65 35 37 109 24 42 -113 106 -18 51 16 31 100 58 -73 -77 4 4 91 42 -114 60 18 -52 -68 40 17 1 112 59 -65 -23 111 60 65 -79 12 36 1 124 -102 34 106 18 -76 20 -33 77 -89 22 39 55 121 50 10 123 -126 -10 -43 -2 58 17 51 -120 -99 1 91 -107 -78 49 -32 -41 -123 35 42 59 -104 56 -43 -83 -105 43 -26 -24 84 101 -14 -26 28 45 -33 -81 56 18 68 60 -111 7 -11 -14 -39 45 -122 54 -47 50 -113 47 -59 16 -67 78 -41 36 -112 -34 -2 5 -36 70 114 55 -95 3 65 57 -96 97 122 9 -110 -103 -126 61 57 36 54 30 -18 71 64 58 90 -48 -77 50 -113 90 -24 59 95 122 -45 111 122 -117 -105 29 -24 22 92 20 93 7 -49 0 -100 -90 12 27 15 84 63 49 -123 93 -128 46 -48 -77 69 35 -100 -33 32 3 -30 -68 83 -25 -77 54 66 14 2 11 -33 14 -70 82 58 34 -40 29 14 58 -124 -32 -105 106 35 -123 -121 61 99 -66 -70 43 33 12 -37 29 -59 75 80 63 -119 -93 -55 52 41 -124 127 60 -73 -68 -3 37 -31 -50 -59 51 75 -12 -82 21 70 -50 -122 18 53 39 -19 50 -85 77 -6 44 -30 68 119 22 86 35 55 28 -20 -60 122 46 58 -69 -63 19 42 -88 51 62 121 -118 61 17 -17 -6 -48 41 84 -114 31 14 -94 14 -72 15 16 123 -116 20 -115 -112 66 1 110 1 37 8 17 85 80 55 80 -126 124 35 -17 52 83 61 -2 -125 -54 50 123 111 48 27 -42 -5 -108 47 -12 124 -105 43 81 55 -90 19 -105 50 19 25 -25 110 -32 35 23 -112 -13 30 7 -122 84 40 121 118 85 4 16 125 -126 25 10 4 126 40 -15 114 -18 3 -85 -118 -76 81 113 112 -48 29 -33 -109 -47 32 121 106 -56 9 -110 -79 -117 42 -73 -70 117 33 122 -56 98 1 -46 -47 -30 28 -81 7 -29 15 126 -96 99 16 -102 -119 104 12 -116 39 37 44 -73 -13 -58 63 -30 -80 -18 16 112 28 58 97 -12 7 -102 20 12 76 115 38 2 -30 55 44 112 -5 99 3 68 -66 33 31 64 103 -56 12 97 -77 -111 16 111 58 -28 52 -2 -71 -34 6 43 -80 -43 -8 100 108 88 29 -30 -118 62 23 -65 64 14 10 96 0 -92 7 73 98 8 8 -96 72 72 51 -104 -103 -25 24 -44 2 60 50 -81 112 25 37 -30 18 82 34 -98 -19 -93 54 65 -6 -90 49 31 -22 20 56 14 30 14 -45 39 -100 -39 8 76 -113 80 12 -31 -119 -80 35 110 -112 -63 11 85 27 3 41 -74 16 56 24 109 98 73 61 44 -125 -109 0 -39 -4 26 49 10 46 -121 11 -53 59 108 58 -29 63 -121 58 -30 -31 -4 26 -48 126 8 55 113 20 -10 35 -49 119 -12 41 49 109 87 79 -25 88 62 21 -88 -76 56 40 117 -42 -112 55 36 116 -20 25 22 -34 -35 29 21 -22 92 41 68 62 -42 111 54 -49 31 29 -50 44 29 4 15 -9 -50 49 -34 4 71 62 28 57 79 36 -68 80 -21 0 -53 -120 101 22 48 -12 -29 56 43 83 118 53 4 44 98 51 95 103 -62 62 35 -107 80 47 102 20 -62 55 23 -35 -92 55 4 14 -117 55 79 52 -24 37 56 -85 -39 -1 65 33 121 5 58 -5 89 42 118 -112 26 28 -116 -47 125 20 -5 13 28 54 21 41 109 6 -36 -28 120 8 90 -19 -79 28 -33 93 61 8 41 121 -14 55 -4 6 65 46 127 112 114 36 27 26 115 63 -109 -29 -83 34 47 65 60 11 97 49 -3 57 39 -41 46 1 -17 -38 79 1 52 14 109 9 -72 115 -43 23 38 -90 -46 63 104 -7 -68 21 -110 -34 -4 26 -94 73 -14 55 24 117 -84 56 -17 -82 51 29 112 116 127 50 52 48 -38 3 -10 -83 77 42 4 -43 96 33 75 111 109 43 -75 100 -26 5 1 -1 114 11 -4 -68 -111 19 48 -112 -76 0 87 86 77 29 124 84 -18 7 17 91 -74 7 -7 103 23 58 -85 97 -69 32 -28 -39 21 19 -81 -103 -38 55 40 -59 -113 5 -4 -71 62 5 -67 47 -34 14 72 -79 11 24 73 -121 116 40 34 -3 -39 11 -63 2 108 21 -8 -94 81 2 -14 21 42 39 -51 4 -107 26 -66 35 -83 2 -11 45 68 60 23 -34 -103 -36 116 41 -34 36 11 30 120 50 122 75 47 15 -100 -60 92 60 82 -53 -9 29 7 -56 -128 49 117 -74 94 43 -107 -43 70 21 44 -5 13 37 85 55 94 34 -83 -128 37 29 103 70 22 38 -105 84 8 60 -34 -7 49 4 -29 51 50 37 104 -28 -84 59 -53 21 70 62 -88 -33 -100 39 60 25 5 18 -82 36 74 51 101 -94 -83 11 -94 40 -89 16 73 -69 -124 37 -85 90 -38 86 108 51 16 4 -14 -75 3 18 -22 73 -21 23 -88 -118 88 50 -56 17 33 9 -33 -121 18 15 72 -33 -97 27 104 45 -63 26 21 -16 106 14 39 -42 78 30 -101 27 2 6 16 -67 -101 3 -101 102 -62 11 51 77 -66 37 68 21 -63 31 63 -52 -100 39 109 -60 -19 4 121 -82 16 7 20 25 53 62 46 -115 -36 26 86 -58 -4 11 -34 30 -104 27 -58 -69 -101 31 117 -64 49 -2 115 -15 40 61 118 -76 -93 58 -44 -90 126 21 23 -51 71 15 70 33 -121 60 18 -109 19 28 29 35 93 5 -20 21 -22 47 -80 -84 23 44 -45 -74 -31 10 65 -37 57 63 66 102 -87 50 -72 -95 -39 53 32 17 -15 48 83 -4 -68 55 -23 -96 -25 38 -24 57 92 46 -90 63 49 14 -111 122 -4 2 -71 1 126 2 -76 -96 56 54 -61 22 108 54 -70 37 -117 16 -84 59 -83 29 -21 21 -56 60 54 106 -88 25 -106 -91 117 34 -72 109 33 40 36 14 80 27 -57 -63 -67 14 -128 -128 35 94 120 -43 -44 47 62 -99 -69 30 119 -80 7 61 105 -11 55 36 30 122 49 50 -101 97 127 0 -24 90 -101 21 57 -49 79 35 52 119 -18 35 -65 46 90 43 51 28 -64 8 -29 70 15 31 -112 -28 -62 3 -71 -84 5 15 11 -77 71 37 -69 -81 -49 44 -101 -33 115 1 78 -89 0 11 -38 0 -23 29 52 -35 35 23 -102 26 -50 63 66 -108 -78 39 -39 -49 -2 5 87 -47 43 -58 117 39 -33 41 52 -88 62 17 105 100 127 31 54 92 -37 34 -76 -125 64 55 55 1 85 12 5 58 29 36 51 -67 35 48 76 108 17 48 -64 79 38 10 -116 46 101 20 -91 89 90 3 88 -64 -79 46 -39 6 -82 46 56 -93 77 9 16 -108 -119 34 -79 -25 69 47 -76 84 -75 2 53 -102 78 26 -83 71 126 33 18 -78 -7 55 69 90 -19 28 -45 99 -76 7 35 78 -77 80 -102 -43 117 27 106 125 71 29 117 -6 108 14 -26 70 -26 9 112 61 27 14 80 12 100 17 125 79 117 41 79 66 94 26 46 2 -116 41 27 -34 121 34 115 -37 -37 29 117 -89 61 18 101 -45 114 33 -25 37 -112 19 1 -20 -88 60 44 -84 105 54 -64 70 10 31 97 -35 -67 50 20 -104 20 50 -19 -2 103 54 85 -107 21 58 116 7 -82 43 -90 93 -76 37 -88 50 61 30 104 123 -8 28 -108 35 -112 59 -85 3 24 63 -84 31 -74 60 -110 -12 -127 42 57 -65 -111 46 10 23 -93 43 -80 86 -34 41 -118 -81 -7 27 110 9 18 38 -117 -36 -106 14 -69 -39 -27 40 -84 13 42 1 -18 -101 117 43 50 8 68 16 56 -107 63 43 0 56 -34 41 -19 99 45 46 -17 35 113 62 69 -88 17 29 108 -88 -14 5 36 -103 -30 5 -70 81 -68 54 25 -89 107 9 -100 25 -57 23 -127 -1 80 4 30 14 52 38 2 -43 90 10 -23 35 -6 19 20 48 59 10 125 57 113 118 -122 69 -67 48 -4 -97 61 21 23 -101 -78 23 -95 118 82 22 123 -55 120 54 -116 -24 -101 56 -81 -39 78 50 -107 -81 -128 1 -114 110 -80 36 61 -124 -97 30 -96 -18 51 16 100 40 -67 46 -34 -69 -65 23 91 -101 119 18 -21 45 -90 3 114 33 34 44 -87 95 -104 54 99 94 56 39 -107 97 127 32 -45 68 -118 11 -1 3 56 50 -19 28 100 39 46 32 -98 21 79 69 -108 30 -14 111 36 59 -120 93 7 19 72 -110 97 19 -3 113 117 63 -87 -51 -106 7 47 90 -56 49 27 -10 -71 19 37 57 -71 36 0 77 25 45 -83 7 -108 9 29 20 -79 29 29 -99 66 25 110 39 -24 52 99 -85 -78 36 119 -39 61 4 10 -5 -3 20 -23 -50 95 14 74 -103 32 57 6 -44 6 0 -112 25 114 49 77 -35 -33 10 121 -57 96 35 -16 -91 61 37 46 -20 30 39 -38 -7 50 60 -101 98 -128 45 -54 -80 -7 36 -99 80 82 51 -64 -86 4 27 99 -59 79 8 80 -120 -10 64 -69 -33 -38 20 -28 -27 33 61 100 -9 60 23 -124 113 -111 61 30 -54 33 31
[Sony Makernote] Unknown tag (0xa700) = -63 1 93 57 74 99 85 51 99 -95 -68 47 105 59 85 50 78 -4 35 68 82 -1 11 25 -53 -74 34 1 -86 10 58 34 84 -54 16 79 -43 -47 118 6 -4 -107 -125 -44
[Interoperability] Interoperability Index = Recommended Exif Interoperability Rules (ExifR98)
[Interoperability] Interoperability Version = 1.00
[GPS] GPS Version ID = 2 2 0 0
[GPS] GPS Latitude Ref = N
[GPS] GPS Latitude = 39°34'11.562"
[GPS] GPS Longitude Ref = W
[GPS] GPS Longitude = 104°18'13.847"
[GPS] GPS Altitude Ref = Sea level
[GPS] GPS Altitude = 1723 metres
[GPS] GPS Time-Stamp = 16:59:55 UTC
[GPS] GPS Status = Void (Measurement Interoperability)
[GPS] GPS Measure Mode = 3-dimensional measurement
[GPS] GPS Speed Ref = kph
[GPS] GPS Speed = 1.6
[GPS] GPS Track Ref = True direction
[GPS] GPS Track = 7369/50 degrees
[GPS] GPS Img Direction Ref = Magnetic direction
[GPS] GPS Img Direction = 142 degrees
[GPS] GPS Map Datum = WGS-84
[GPS] GPS Date Stamp = 2010:07:14
[GPS] GPS Differential = No Correction
