FILE: LG Nexus 5X.dng
TYPE: ARW

[Exif IFD0 - 0x00fe] New Subfile Type = Full-resolution image
[Exif IFD0 - 0x0100] Image Width = 4080 pixels
[Exif IFD0 - 0x0101] Image Height = 3028 pixels
[Exif IFD0 - 0x0102] Bits Per Sample = 16 bits/component/pixel
[Exif IFD0 - 0x0103] Compression = Uncompressed
[Exif IFD0 - 0x0106] Photometric Interpretation = Color Filter Array
[Exif IFD0 - 0x010e] Image Description = 
[Exif IFD0 - 0x010f] Make = LGE
[Exif IFD0 - 0x0110] Model = Nexus 5X
[Exif IFD0 - 0x0111] Strip Offsets = [3028 values]
[Exif IFD0 - 0x0112] Orientation = Bottom, right side (Rotate 180)
[Exif IFD0 - 0x0115] Samples Per Pixel = 1 samples/pixel
[Exif IFD0 - 0x0116] Rows Per Strip = 1 rows/strip
[Exif IFD0 - 0x0117] Strip Byte Counts = 8160 8160 8160 8160 8160 8160 8160 8160 8160 8160 8160 8160 8160 8160 8160 8160 8160 8160 8160 8160 8160 8160 8160 8160 8160 8160 8160 8160 8160 8160 8160 8160 8160 8160 8160 8160 8160 8160 8160 8160 8160 8160 8160 8160 8160 8160 8160 8160 8160 8160 8160 8160 8160 8160 8160 8160 8160 8160 8160 8160 8160 8160 8160 8160 8160 8160 8160 8160 8160 8160 8160 8160 8160 8160 8160 8160 8160 8160 8160 8160 8160 8160 8160 8160 8160 8160 8160 8160 8160 8160 8160 8160 8160 8160 8160 8160 8160 8160 8160 8160 8160 8160 8160 8160 8160 8160 8160 8160 8160 8160 8160 8160 8160 8160 8160 8160 8160 8160 8160 8160 8160 8160 8160 8160 8160 8160 8160 8160 8160 8160 8160 8160 8160 8160 8160 8160 8160 8160 8160 8160 8160 8160 8160 8160 8160 8160 8160 8160 8160 8160 8160 8160 8160 8160 8160 8160 8160 8160 8160 8160 8160 8160 8160 8160 8160 8160 8160 8160 8160 8160 8160 8160 8160 8160 8160 8160 8160 8160 8160 8160 8160 8160 8160 8160 8160 8160 8160 8160 8160 8160 8160 8160 8160 8160 8160 8160 8160 8160 8160 8160 8160 8160 8160 8160 8160 8160 8160 8160 8160 8160 8160 8160 8160 8160 8160 8160 8160 8160 8160 8160 8160 8160 8160 8160 8160 8160 8160 8160 8160 8160 8160 8160 8160 8160 8160 8160 8160 8160 8160 8160 8160 8160 8160 8160 8160 8160 8160 8160 8160 8160 8160 8160 8160 8160 8160 8160 8160 8160 8160 8160 8160 8160 8160 8160 8160 8160 8160 8160 8160 8160 8160 8160 8160 8160 8160 8160 8160 8160 8160 8160 8160 8160 8160 8160 8160 8160 8160 8160 8160 8160 8160 8160 8160 8160 8160 8160 8160 8160 8160 8160 8160 8160 8160 8160 8160 8160 8160 8160 8160 8160 8160 8160 8160 8160 8160 8160 8160 8160 8160 8160 8160 8160 8160 8160 8160 8160 8160 8160 8160 8160 8160 8160 8160 8160 8160 8160 8160 8160 8160 8160 8160 8160 8160 8160 8160 8160 8160 8160 8160 8160 8160 8160 8160 8160 8160 8160 8160 8160 8160 8160 8160 8160 8160 8160 8160 8160 8160 8160 8160 8160 8160 8160 8160 8160 8160 8160 8160 8160 8160 8160 8160 8160 8160 8160 8160 8160 8160 8160 8160 8160 8160 8160 8160 8160 8160 8160 8160 8160 8160 8160 8160 8160 8160 8160 8160 8160 8160 8160 8160 8160 8160 8160 8160 8160 8160 8160 8160 8160 8160 8160 8160 8160 8160 8160 8160 8160 8160 8160 8160 8160 8160 8160 8160 8160 8160 8160 8160 8160 8160 8160 8160 8160 8160 8160 8160 8160 8160 8160 8160 8160 8160 8160 8160 8160 8160 8160 8160 8160 8160 8160 8160 8160 8160 8160 8160 8160 8160 8160 8160 8160 8160 8160 8160 8160 8160 8160 8160 8160 8160 8160 8160 8160 8160 8160 8160 8160 8160 8160 8160 8160 8160 8160 8160 8160 8160 8160 8160 8160 8160 8160 8160 8160 8160 8160 8160 8160 8160 8160 8160 8160 8160 8160 8160 8160 8160 8160 8160 8160 8160 8160 8160 8160 8160 8160 8160 8160 8160 8160 8160 8160 8160 8160 8160 8160 8160 8160 8160 8160 8160 8160 8160 8160 8160 8160 8160 8160 8160 8160 8160 8160 8160 8160 8160 8160 8160 8160 8160 8160 8160 8160 8160 8160 8160 8160 8160 8160 8160 8160 8160 8160 8160 8160 8160 8160 8160 8160 8160 8160 8160 8160 8160 8160 8160 8160 8160 8160 8160 8160 8160 8160 8160 8160 8160 8160 8160 8160 8160 8160 8160 8160 8160 8160 8160 8160 8160 8160 8160 8160 8160 8160 8160 8160 8160 8160 8160 8160 8160 8160 8160 8160 8160 8160 8160 8160 8160 8160 8160 8160 8160 8160 8160 8160 8160 8160 8160 8160 8160 8160 8160 8160 8160 8160 8160 8160 8160 8160 8160 8160 8160 8160 8160 8160 8160 8160 8160 8160 8160 8160 8160 8160 8160 8160 8160 8160 8160 8160 8160 8160 8160 8160 8160 8160 8160 8160 8160 8160 8160 8160 8160 8160 8160 8160 8160 8160 8160 8160 8160 8160 8160 8160 8160 8160 8160 8160 8160 8160 8160 8160 8160 8160 8160 8160 8160 8160 8160 8160 8160 8160 8160 8160 8160 8160 8160 8160 8160 8160 8160 8160 8160 8160 8160 8160 8160 8160 8160 8160 8160 8160 8160 8160 8160 8160 8160 8160 8160 8160 8160 8160 8160 8160 8160 8160 8160 8160 8160 8160 8160 8160 8160 8160 8160 8160 8160 8160 8160 8160 8160 8160 8160 8160 8160 8160 8160 8160 8160 8160 8160 8160 8160 8160 8160 8160 8160 8160 8160 8160 8160 8160 8160 8160 8160 8160 8160 8160 8160 8160 8160 8160 8160 8160 8160 8160 8160 8160 8160 8160 8160 8160 8160 8160 8160 8160 8160 8160 8160 8160 8160 8160 8160 8160 8160 8160 8160 8160 8160 8160 8160 8160 8160 8160 8160 8160 8160 8160 8160 8160 8160 8160 8160 8160 8160 8160 8160 8160 8160 8160 8160 8160 8160 8160 8160 8160 8160 8160 8160 8160 8160 8160 8160 8160 8160 8160 8160 8160 8160 8160 8160 8160 8160 8160 8160 8160 8160 8160 8160 8160 8160 8160 8160 8160 8160 8160 8160 8160 8160 8160 8160 8160 8160 8160 8160 8160 8160 8160 8160 8160 8160 8160 8160 8160 8160 8160 8160 8160 8160 8160 8160 8160 8160 8160 8160 8160 8160 8160 8160 8160 8160 8160 8160 8160 8160 8160 8160 8160 8160 8160 8160 8160 8160 8160 8160 8160 8160 8160 8160 8160 8160 8160 8160 8160 8160 8160 8160 8160 8160 8160 8160 8160 8160 8160 8160 8160 8160 8160 8160 8160 8160 8160 8160 8160 8160 8160 8160 8160 8160 8160 8160 8160 8160 8160 8160 8160 8160 8160 8160 8160 8160 8160 8160 8160 8160 8160 8160 8160 8160 8160 8160 8160 8160 8160 8160 8160 8160 8160 8160 8160 8160 8160 8160 8160 8160 8160 8160 8160 8160 8160 8160 8160 8160 8160 8160 8160 8160 8160 8160 8160 8160 8160 8160 8160 8160 8160 8160 8160 8160 8160 8160 8160 8160 8160 8160 8160 8160 8160 8160 8160 8160 8160 8160 8160 8160 8160 8160 8160 8160 8160 8160 8160 8160 8160 8160 8160 8160 8160 8160 8160 8160 8160 8160 8160 8160 8160 8160 8160 8160 8160 8160 8160 8160 8160 8160 8160 8160 8160 8160 8160 8160 8160 8160 8160 8160 8160 8160 8160 8160 8160 8160 8160 8160 8160 8160 8160 8160 8160 8160 8160 8160 8160 8160 8160 8160 8160 8160 8160 8160 8160 8160 8160 8160 8160 8160 8160 8160 8160 8160 8160 8160 8160 8160 8160 8160 8160 8160 8160 8160 8160 8160 8160 8160 8160 8160 8160 8160 8160 8160 8160 8160 8160 8160 8160 8160 8160 8160 8160 8160 8160 8160 8160 8160 8160 8160 8160 8160 8160 8160 8160 8160 8160 8160 8160 8160 8160 8160 8160 8160 8160 8160 8160 8160 8160 8160 8160 8160 8160 8160 8160 8160 8160 8160 8160 8160 8160 8160 8160 8160 8160 8160 8160 8160 8160 8160 8160 8160 8160 8160 8160 8160 8160 8160 8160 8160 8160 8160 8160 8160 8160 8160 8160 8160 8160 8160 8160 8160 8160 8160 8160 8160 8160 8160 8160 8160 8160 8160 8160 8160 8160 8160 8160 8160 8160 8160 8160 8160 8160 8160 8160 8160 8160 8160 8160 8160 8160 8160 8160 8160 8160 8160 8160 8160 8160 8160 8160 8160 8160 8160 8160 8160 8160 8160 8160 8160 8160 8160 8160 8160 8160 8160 8160 8160 8160 8160 8160 8160 8160 8160 8160 8160 8160 8160 8160 8160 8160 8160 8160 8160 8160 8160 8160 8160 8160 8160 8160 8160 8160 8160 8160 8160 8160 8160 8160 8160 8160 8160 8160 8160 8160 8160 8160 8160 8160 8160 8160 8160 8160 8160 8160 8160 8160 8160 8160 8160 8160 8160 8160 8160 8160 8160 8160 8160 8160 8160 8160 8160 8160 8160 8160 8160 8160 8160 8160 8160 8160 8160 8160 8160 8160 8160 8160 8160 8160 8160 8160 8160 8160 8160 8160 8160 8160 8160 8160 8160 8160 8160 8160 8160 8160 8160 8160 8160 8160 8160 8160 8160 8160 8160 8160 8160 8160 8160 8160 8160 8160 8160 8160 8160 8160 8160 8160 8160 8160 8160 8160 8160 8160 8160 8160 8160 8160 8160 8160 8160 8160 8160 8160 8160 8160 8160 8160 8160 8160 8160 8160 8160 8160 8160 8160 8160 8160 8160 8160 8160 8160 8160 8160 8160 8160 8160 8160 8160 8160 8160 8160 8160 8160 8160 8160 8160 8160 8160 8160 8160 8160 8160 8160 8160 8160 8160 8160 8160 8160 8160 8160 8160 8160 8160 8160 8160 8160 8160 8160 8160 8160 8160 8160 8160 8160 8160 8160 8160 8160 8160 8160 8160 8160 8160 8160 8160 8160 8160 8160 8160 8160 8160 8160 8160 8160 8160 8160 8160 8160 8160 8160 8160 8160 8160 8160 8160 8160 8160 8160 8160 8160 8160 8160 8160 8160 8160 8160 8160 8160 8160 8160 8160 8160 8160 8160 8160 8160 8160 8160 8160 8160 8160 8160 8160 8160 8160 8160 8160 8160 8160 8160 8160 8160 8160 8160 8160 8160 8160 8160 8160 8160 8160 8160 8160 8160 8160 8160 8160 8160 8160 8160 8160 8160 8160 8160 8160 8160 8160 8160 8160 8160 8160 8160 8160 8160 8160 8160 8160 8160 8160 8160 8160 8160 8160 8160 8160 8160 8160 8160 8160 8160 8160 8160 8160 8160 8160 8160 8160 8160 8160 8160 8160 8160 8160 8160 8160 8160 8160 8160 8160 8160 8160 8160 8160 8160 8160 8160 8160 8160 8160 8160 8160 8160 8160 8160 8160 8160 8160 8160 8160 8160 8160 8160 8160 8160 8160 8160 8160 8160 8160 8160 8160 8160 8160 8160 8160 8160 8160 8160 8160 8160 8160 8160 8160 8160 8160 8160 8160 8160 8160 8160 8160 8160 8160 8160 8160 8160 8160 8160 8160 8160 8160 8160 8160 8160 8160 8160 8160 8160 8160 8160 8160 8160 8160 8160 8160 8160 8160 8160 8160 8160 8160 8160 8160 8160 8160 8160 8160 8160 8160 8160 8160 8160 8160 8160 8160 8160 8160 8160 8160 8160 8160 8160 8160 8160 8160 8160 8160 8160 8160 8160 8160 8160 8160 8160 8160 8160 8160 8160 8160 8160 8160 8160 8160 8160 8160 8160 8160 8160 8160 8160 8160 8160 8160 8160 8160 8160 8160 8160 8160 8160 8160 8160 8160 8160 8160 8160 8160 8160 8160 8160 8160 8160 8160 8160 8160 8160 8160 8160 8160 8160 8160 8160 8160 8160 8160 8160 8160 8160 8160 8160 8160 8160 8160 8160 8160 8160 8160 8160 8160 8160 8160 8160 8160 8160 8160 8160 8160 8160 8160 8160 8160 8160 8160 8160 8160 8160 8160 8160 8160 8160 8160 8160 8160 8160 8160 8160 8160 8160 8160 8160 8160 8160 8160 8160 8160 8160 8160 8160 8160 8160 8160 8160 8160 8160 8160 8160 8160 8160 8160 8160 8160 8160 8160 8160 8160 8160 8160 8160 8160 8160 8160 8160 8160 8160 8160 8160 8160 8160 8160 8160 8160 8160 8160 8160 8160 8160 8160 8160 8160 8160 8160 8160 8160 8160 8160 8160 8160 8160 8160 8160 8160 8160 8160 8160 8160 8160 8160 8160 8160 8160 8160 8160 8160 8160 8160 8160 8160 8160 8160 8160 8160 8160 8160 8160 8160 8160 8160 8160 8160 8160 8160 8160 8160 8160 8160 8160 8160 8160 8160 8160 8160 8160 8160 8160 8160 8160 8160 8160 8160 8160 8160 8160 8160 8160 8160 8160 8160 8160 8160 8160 8160 8160 8160 8160 8160 8160 8160 8160 8160 8160 8160 8160 8160 8160 8160 8160 8160 8160 8160 8160 8160 8160 8160 8160 8160 8160 8160 8160 8160 8160 8160 8160 8160 8160 8160 8160 8160 8160 8160 8160 8160 8160 8160 8160 8160 8160 8160 8160 8160 8160 8160 8160 8160 8160 8160 8160 8160 8160 8160 8160 8160 8160 8160 8160 8160 8160 8160 8160 8160 8160 8160 8160 8160 8160 8160 8160 8160 8160 8160 8160 8160 8160 8160 8160 8160 8160 8160 8160 8160 8160 8160 8160 8160 8160 8160 8160 8160 8160 8160 8160 8160 8160 8160 8160 8160 8160 8160 8160 8160 8160 8160 8160 8160 8160 8160 8160 8160 8160 8160 8160 8160 8160 8160 8160 8160 8160 8160 8160 8160 8160 8160 8160 8160 8160 8160 8160 8160 8160 8160 8160 8160 8160 8160 8160 8160 8160 8160 8160 8160 8160 8160 8160 8160 8160 8160 8160 8160 8160 8160 8160 8160 8160 8160 8160 8160 8160 8160 8160 8160 8160 8160 8160 8160 8160 8160 8160 8160 8160 8160 8160 8160 8160 8160 8160 8160 8160 8160 8160 8160 8160 8160 8160 8160 8160 8160 8160 8160 8160 8160 8160 8160 8160 8160 8160 8160 8160 8160 8160 8160 8160 8160 8160 8160 8160 8160 8160 8160 8160 8160 8160 8160 8160 8160 8160 8160 8160 8160 8160 8160 8160 8160 8160 8160 8160 8160 8160 8160 8160 8160 8160 8160 8160 8160 8160 8160 8160 8160 8160 8160 8160 8160 8160 8160 8160 8160 8160 8160 8160 8160 8160 8160 8160 8160 8160 8160 8160 8160 8160 8160 8160 8160 8160 8160 8160 8160 8160 8160 8160 8160 8160 8160 8160 8160 8160 8160 8160 8160 8160 8160 8160 8160 8160 8160 8160 8160 8160 8160 8160 8160 8160 8160 8160 8160 8160 8160 8160 8160 8160 8160 8160 8160 8160 8160 8160 8160 8160 8160 8160 8160 8160 8160 8160 8160 8160 8160 8160 8160 8160 8160 8160 8160 8160 8160 8160 8160 8160 8160 8160 8160 8160 8160 8160 8160 8160 8160 8160 8160 8160 8160 8160 8160 8160 8160 8160 8160 8160 8160 8160 8160 8160 8160 8160 8160 8160 8160 8160 8160 8160 8160 8160 8160 8160 8160 8160 8160 8160 8160 8160 8160 8160 8160 8160 8160 8160 8160 8160 8160 8160 8160 8160 8160 8160 8160 8160 8160 8160 8160 8160 8160 8160 8160 8160 8160 8160 8160 8160 8160 8160 8160 8160 8160 8160 8160 8160 8160 8160 8160 8160 8160 8160 8160 8160 8160 8160 8160 8160 8160 8160 8160 8160 8160 8160 8160 8160 8160 8160 8160 8160 8160 8160 8160 8160 8160 8160 8160 8160 8160 8160 8160 8160 8160 8160 8160 8160 8160 8160 8160 8160 8160 8160 8160 8160 8160 8160 8160 8160 8160 8160 8160 8160 8160 8160 8160 8160 8160 8160 8160 8160 8160 8160 8160 8160 8160 8160 8160 8160 8160 8160 8160 8160 8160 8160 8160 8160 8160 8160 8160 8160 8160 8160 8160 8160 8160 8160 8160 8160 8160 8160 8160 8160 8160 8160 8160 8160 8160 8160 8160 8160 8160 8160 8160 8160 8160 8160 8160 8160 8160 8160 8160 8160 8160 8160 8160 8160 8160 8160 8160 8160 8160 8160 8160 8160 8160 8160 8160 8160 8160 8160 8160 8160 8160 8160 8160 8160 8160 8160 8160 8160 8160 8160 8160 8160 8160 8160 8160 8160 8160 8160 8160 8160 8160 8160 8160 8160 8160 8160 8160 8160 8160 8160 8160 8160 8160 8160 8160 8160 8160 8160 8160 8160 8160 8160 8160 8160 8160 8160 8160 8160 8160 8160 8160 8160 8160 8160 8160 8160 8160 8160 8160 8160 8160 8160 8160 8160 8160 8160 8160 8160 8160 8160 8160 8160 8160 8160 8160 8160 8160 8160 8160 8160 8160 8160 8160 8160 8160 8160 8160 8160 8160 8160 8160 8160 8160 8160 8160 8160 8160 8160 8160 8160 8160 8160 8160 8160 8160 8160 8160 8160 8160 8160 8160 8160 8160 8160 8160 8160 8160 8160 8160 8160 8160 8160 8160 8160 8160 8160 8160 8160 8160 8160 8160 8160 8160 8160 8160 8160 8160 8160 8160 8160 8160 8160 8160 8160 8160 8160 8160 8160 8160 8160 8160 8160 8160 8160 8160 8160 8160 8160 8160 8160 8160 8160 8160 8160 8160 8160 8160 8160 8160 8160 8160 8160 8160 8160 8160 8160 8160 8160 8160 8160 8160 8160 8160 8160 8160 8160 8160 8160 8160 8160 8160 8160 8160 8160 8160 8160 8160 8160 8160 8160 8160 8160 8160 8160 8160 8160 8160 8160 8160 8160 8160 8160 8160 8160 8160 8160 8160 8160 8160 8160 8160 8160 8160 8160 8160 8160 8160 8160 8160 8160 8160 8160 8160 8160 8160 8160 8160 8160 8160 8160 8160 8160 8160 8160 8160 8160 8160 8160 8160 8160 8160 8160 8160 8160 8160 8160 8160 8160 8160 8160 8160 8160 8160 8160 8160 8160 8160 8160 8160 8160 8160 8160 8160 8160 8160 8160 8160 8160 8160 8160 8160 8160 8160 8160 8160 8160 8160 8160 8160 8160 8160 8160 8160 8160 8160 8160 8160 8160 8160 8160 8160 8160 8160 8160 8160 8160 8160 8160 8160 8160 8160 8160 8160 8160 8160 8160 8160 8160 8160 8160 8160 8160 8160 8160 8160 8160 8160 8160 8160 8160 8160 8160 8160 8160 8160 8160 8160 8160 8160 8160 8160 8160 8160 8160 8160 8160 8160 8160 8160 8160 8160 8160 8160 8160 8160 8160 8160 8160 8160 8160 8160 8160 8160 8160 8160 8160 8160 8160 8160 8160 8160 8160 8160 8160 8160 8160 8160 8160 8160 8160 8160 8160 8160 8160 8160 8160 8160 8160 8160 8160 8160 8160 8160 8160 8160 8160 8160 8160 8160 8160 8160 8160 8160 8160 8160 8160 8160 8160 8160 8160 8160 8160 8160 8160 8160 8160 8160 8160 8160 8160 8160 8160 8160 8160 8160 8160 8160 8160 8160 8160 8160 8160 8160 8160 8160 8160 8160 8160 8160 8160 8160 8160 8160 8160 8160 8160 8160 8160 8160 8160 8160 8160 8160 8160 8160 8160 8160 8160 8160 8160 8160 8160 8160 8160 8160 8160 8160 8160 8160 8160 8160 8160 8160 8160 8160 8160 8160 8160 8160 8160 8160 8160 8160 8160 8160 8160 8160 8160 8160 8160 8160 8160 8160 8160 8160 8160 8160 8160 8160 8160 8160 8160 8160 8160 8160 8160 8160 8160 8160 8160 8160 8160 8160 8160 8160 8160 8160 8160 8160 8160 8160 8160 8160 8160 8160 8160 8160 8160 8160 8160 8160 8160 8160 8160 8160 8160 8160 8160 8160 8160 8160 8160 8160 8160 8160 8160 8160 8160 8160 8160 8160 8160 8160 8160 8160 8160 bytes
[Exif IFD0 - 0x011a] X Resolution = 72 dots per inch
[Exif IFD0 - 0x011b] Y Resolution = 72 dots per inch
[Exif IFD0 - 0x011c] Planar Configuration = Chunky (contiguous for each subsampling pixel)
[Exif IFD0 - 0x0128] Resolution Unit = Inch
[Exif IFD0 - 0x0131] Software = google/bullhead/bullhead:8.0.0/OPR6.170623.013/4283548:user/release-keys
[Exif IFD0 - 0x0132] Date/Time = 2017:08:28 09:43:14
[Exif IFD0 - 0x828d] CFA Repeat Pattern Dim = 2 2
[Exif IFD0 - 0x828e] CFA Pattern = [Red,Green][Green,Blue]
[Exif IFD0 - 0x8298] Copyright = 
[Exif IFD0 - 0x829a] Exposure Time = 666857/40000000 sec
[Exif IFD0 - 0x829d] F-Number = f/2.0
[Exif IFD0 - 0x8827] ISO Speed Ratings = 109
[Exif IFD0 - 0x9003] Date/Time Original = 2017:08:28 09:43:14
[Exif IFD0 - 0x920a] Focal Length = 4.7 mm
[Exif IFD0 - 0x9216] TIFF/EP Standard ID = 1 0 0 0
[Exif IFD0 - 0xc612] Unknown tag (0xc612) = 1 4 0 0
[Exif IFD0 - 0xc613] Unknown tag (0xc613) = 1 1 0 0
[Exif IFD0 - 0xc614] Unknown tag (0xc614) = Nexus 5X-LGE-google
[Exif IFD0 - 0xc616] Unknown tag (0xc616) = 0 1 2
[Exif IFD0 - 0xc617] Unknown tag (0xc617) = 1
[Exif IFD0 - 0xc619] Unknown tag (0xc619) = 2 2
[Exif IFD0 - 0xc61a] Unknown tag (0xc61a) = 5207/100 5205/100 5185/100 5221/100
[Exif IFD0 - 0xc61d] Unknown tag (0xc61d) = 1023
[Exif IFD0 - 0xc61e] Unknown tag (0xc61e) = 1/1 1/1
[Exif IFD0 - 0xc61f] Unknown tag (0xc61f) = 8 8
[Exif IFD0 - 0xc620] Unknown tag (0xc620) = 4016 3008
[Exif IFD0 - 0xc621] Unknown tag (0xc621) = 104/128 -29/128 -16/128 -41/128 162/128 5/128 -5/128 29/128 57/128
[Exif IFD0 - 0xc622] Unknown tag (0xc622) = 129/128 -37/128 -28/128 -72/128 209/128 -6/128 -8/128 27/128 80/128
[Exif IFD0 - 0xc623] Unknown tag (0xc623) = 128/128 0/128 0/128 0/128 128/128 0/128 0/128 0/128 125/128
[Exif IFD0 - 0xc624] Unknown tag (0xc624) = 127/128 0/128 0/128 0/128 128/128 0/128 0/128 0/128 124/128
[Exif IFD0 - 0xc628] Unknown tag (0xc628) = 61/128 129/128 71/128
[Exif IFD0 - 0xc62a] Unknown tag (0xc62a) = 0
[Exif IFD0 - 0xc65a] Unknown tag (0xc65a) = 21
[Exif IFD0 - 0xc65b] Unknown tag (0xc65b) = 17
[Exif IFD0 - 0xc68d] Unknown tag (0xc68d) = 2 48 3026 4080
[Exif IFD0 - 0xc714] Unknown tag (0xc714) = 74/128 28/128 21/128 20/128 108/128 0/128 -2/128 -37/128 145/128
[Exif IFD0 - 0xc715] Unknown tag (0xc715) = 88/128 2/128 34/128 27/128 87/128 13/128 0/128 -69/128 175/128
[Exif IFD0 - 0xc741] Unknown tag (0xc741) = [3908 values]
[Exif IFD0 - 0xc74e] Unknown tag (0xc74e) = 0 0 0 0
[Exif IFD0 - 0xc761] Unknown tag (0xc761) = 0 0 0 0 0 0

[File Type - 0x0001] Detected File Type Name = ARW
[File Type - 0x0002] Detected File Type Long Name = Sony Camera Raw
[File Type - 0x0004] Expected File Name Extension = arw

[File - 0x0001] File Name = LG Nexus 5X.dng
[File - 0x0002] File Size = 24738056 bytes
[File - 0x0003] File Modified Date = <omitted for regression testing as checkout dependent>

- Exif IFD0
- File Type
- File

Generated using metadata-extractor
https://drewnoakes.com/code/exif/
