       FILE: f41078e1.tif
       TYPE: TIFF
       
       [Exif IFD0 - 0x00fe] New Subfile Type = Full-resolution image
       [Exif IFD0 - 0x0100] Image Width = 9861 pixels
       [Exif IFD0 - 0x0101] Image Height = 6249 pixels
       [Exif IFD0 - 0x0102] Bits Per Sample = 8 bits/component/pixel
       [Exif IFD0 - 0x0103] Compression = PackBits
       [Exif IFD0 - 0x0106] Photometric Interpretation = RGB Palette
       [Exif IFD0 - 0x0111] Strip Offsets = [6249 values]
       [Exif IFD0 - 0x0115] Samples Per Pixel = 1 samples/pixel
       [Exif IFD0 - 0x0116] Rows Per Strip = 1 rows/strip
       [Exif IFD0 - 0x0117] Strip Byte Counts = 156 156 156 156 156 156 156 156 156 156 156 156 156 156 156 156 156 156 156 156 156 156 156 156 156 156 156 156 156 156 156 156 156 156 156 156 156 156 156 156 156 156 156 156 156 156 156 156 156 156 156 156 156 156 156 156 156 166 166 166 176 176 176 180 184 188 170 170 174 158 156 160 176 172 172 172 172 172 174 170 170 162 172 164 180 182 186 170 162 174 156 162 168 170 172 166 160 164 162 164 162 156 162 156 160 158 160 160 160 160 156 162 158 160 163 161 178 160 168 156 164 158 160 164 160 158 158 156 160 160 160 164 162 156 160 164 158 156 156 156 160 156 166 160 158 160 164 160 160 156 166 156 170 160 170 166 164 170 160 158 162 156 166 162 176 172 170 166 176 166 180 166 178 166 160 172 178 170 162 168 174 172 176 176 186 172 178 182 178 176 174 172 166 164 176 168 164 172 166 167 176 170 174 193 214 221 220 226 226 245 249 255 292 267 305 303 316 330 340 379 348 348 377 433 462 460 469 497 518 525 522 520 531 544 501 494 522 507 486 476 439 459 460 425 450 447 418 391 403 384 363 372 367 387 321 291 283 283 241 246 225 216 218 226 217 202 190 186 183 185 183 192 191 183 191 189 224 247 257 280 275 298 301 289 307 272 269 269 300 299 298 321 323 316 312 323 335 347 363 405 434 406 427 459 456 462 456 451 457 478 482 493 466 517 501 529 526 550 562 615 612 610 631 598 594 608 614 602 611 620 628 633 633 659 643 645 657 678 664 645 625 631 644 660 701 726 730 695 720 729 757 748 818 833 882 836 838 894 929 966 934 941 906 957 955 1002 1000 1037 1030 1037 957 1023 1003 1026 945 952 950 978 989 955 963 1019 1041 1017 1067 1094 1097 1119 1200 1178 1194 1236 1227 1369 1348 1351 1384 1390 1345 1443 1422 1427 1434 1447 1485 1584 1557 1559 1571 1529 1573 1545 1524 1572 1615 1622 1666 1674 1734 1728 1681 1735 1753 1796 1763 1719 1803 1817 1843 1790 1859 1907 1929 1924 2052 2062 2104 2104 2129 2054 2092 2071 2085 2071 2069 2095 2123 2144 2160 2229 2065 2109 2100 2104 2092 2106 2117 2136 2094 2058 2158 2148 2051 2136 2149 2229 2155 2253 2238 2213 2220 2228 2182 2268 2177 2238 2242 2243 2309 2335 2250 2255 2253 2287 2277 2315 2302 2300 2260 2273 2301 2295 2297 2307 2322 2343 2365 2432 2489 2505 2438 2496 2559 2590 2681 2688 2762 2752 2854 2851 2904 2819 2822 2737 2799 2815 2810 2862 2906 2882 2909 2996 3076 2981 2924 2919 2905 2880 2964 3009 3002 2992 2926 2950 2902 2965 2937 2889 2923 3027 2961 2877 2917 2872 2894 2880 2906 2872 2916 2805 2708 2725 2685 2572 2605 2572 2634 2652 2668 2664 2601 2646 2689 2676 2680 2638 2632 2674 2774 2667 2719 2707 2639 2692 2675 2730 2720 2700 2719 2738 2758 2808 2802 2780 2789 2795 2782 2892 2755 2790 2767 2724 2710 2694 2789 2756 2784 2692 2645 2664 2701 2739 2725 2759 2718 2668 2655 2640 2756 2792 2794 2779 2833 2828 2755 2753 2738 2743 2743 2787 2778 2824 2790 2748 2774 2766 2735 2773 2771 2839 2892 2879 2852 2831 2847 2845 2823 2875 2892 2901 2898 2951 2938 2947 2993 3045 3072 3128 3122 3089 2966 3085 3047 3127 3014 3102 3164 3238 3225 3124 3147 3144 3129 3165 3148 3207 3204 3213 3183 3214 3197 3235 3213 3287 3250 3260 3237 3629 4400 3997 3408 3210 3205 3238 3186 3170 3218 3196 3198 3255 3213 3235 3257 3293 3317 3373 3284 3230 3237 3221 3239 3341 3247 3145 3220 3254 3295 3303 3254 3208 3112 3172 3117 3114 3224 3145 3240 3191 3235 3231 3245 3265 3214 3309 3259 3196 3180 3126 3128 3149 3148 3175 3122 3050 3080 3102 3073 3096 3139 3133 3173 3227 3220 3272 3282 3369 3241 3246 3312 3242 3196 3220 3203 3204 3195 3229 3203 3227 3151 3244 3326 3244 3316 3279 3258 3329 3318 3328 3386 3363 3387 3293 3321 3290 3310 3319 3334 3406 3378 3449 3353 3413 3353 3426 3409 3419 3491 3391 3364 3369 3443 3419 3364 3386 3343 3386 3338 3304 3320 3323 3351 3263 3265 3355 3345 3331 3357 3353 3355 3395 3327 3366 3417 3425 3516 3434 3391 3411 3494 3454 3351 3385 3378 3376 3419 3401 3297 3255 3294 3278 3400 3391 3409 3270 3310 3322 3295 3238 3238 3265 3271 3293 3324 3400 3415 3431 3382 3429 3413 3375 3333 3393 3311 3344 3429 3369 3336 3349 3348 3286 3350 3316 3292 3259 3222 3236 3171 3224 3228 3158 3199 3189 3218 3249 3251 3361 3286 3273 3294 3185 3159 3197 3260 3196 3182 3168 3104 3073 3085 3087 3065 3071 3124 2993 3121 3110 3158 3221 3144 3102 3213 3172 3196 3153 3212 3185 3166 3174 3242 3246 3102 3028 3059 3191 3174 3187 3184 3153 3176 3233 3204 3253 3171 3220 3163 3166 3235 3247 3279 3250 3284 3324 3356 3331 3182 3234 3171 3182 3309 3304 3330 3315 3384 3256 3253 3289 3383 3334 3362 3353 3341 3309 3298 3287 3239 3261 3208 3350 3349 3368 3369 3357 3411 3367 3388 3470 3380 3414 3438 3422 3490 3502 3458 3502 3442 3453 3478 3430 3519 3427 3432 3422 3415 3401 3474 3481 3409 3402 3491 3430 3381 3387 3347 3350 3308 3342 3367 3389 3369 3388 3323 3308 3284 3279 3316 3283 3175 3151 2988 3019 3005 3043 3011 3038 2879 2906 2971 3004 3013 3049 3006 3044 3027 2975 2936 2946 2987 2979 2953 3016 2970 3034 3063 3082 3096 3087 3115 3117 3089 3217 3208 3032 3125 3158 3167 3108 3086 3086 3098 3084 3058 2996 3044 3089 3043 3019 3000 2982 3003 2968 2997 2996 3016 2931 2852 2845 2869 2860 2892 2895 2860 2859 2728 2710 2814 2792 2891 2821 2762 2750 2704 2687 2677 2736 2732 2725 2751 2760 2746 2786 2779 2719 2751 2679 2749 2739 2742 2770 2860 2814 2843 2802 2774 2830 2814 2748 2683 2771 2778 2783 2782 2743 2773 2809 2809 2842 2782 2749 2846 2905 2840 2867 2861 2842 2851 2928 2971 2953 2976 2991 2921 2888 2884 2893 2843 2809 2838 2836 2805 2786 2737 2781 2866 2833 2833 2792 2796 2714 2785 2782 2758 2788 2756 2768 2832 2836 2805 2739 2767 2761 2773 2801 2804 2817 2879 2855 2867 2900 2950 2882 2898 2860 2916 2947 2929 2881 2878 2882 2929 2913 2923 2932 2944 2919 2990 2987 2839 2814 2813 2803 2826 2864 2895 2860 2919 2931 2934 2932 2987 2965 2931 2958 2973 2950 2940 2928 2922 2942 2933 2915 2943 3019 3027 2977 2943 2920 2872 2879 2884 2923 2876 2903 2907 2958 2894 2877 2845 2939 2982 2948 2933 2948 2900 2933 2852 2932 2930 2911 2989 3002 3082 3060 3031 3109 3200 3233 3185 3214 3172 3058 2995 2973 3065 3084 3029 3013 3005 3043 2988 2999 2966 2919 2920 2883 2938 2962 2933 2972 2982 3016 3046 3000 3041 2963 2949 3006 2992 3016 3012 3080 3113 3029 3012 3045 3041 2988 3010 3060 2983 2991 2997 2981 3035 2984 3002 3000 3018 3007 3022 3009 2995 3021 2957 2946 3021 2939 2961 3018 2987 2999 2919 2895 2901 2945 2854 2909 2929 2912 2905 2933 2935 2889 2913 2930 2982 2946 2958 3017 3041 3046 3063 3104 3038 3072 2990 2999 2972 2993 2985 2996 2997 3059 3021 3025 3035 2983 3020 3070 3060 3070 3063 3044 3064 3089 3062 3074 3142 3126 3152 3174 3154 3164 3168 3128 3156 3207 3138 3133 3077 3117 3141 3153 3144 3126 3147 3202 3256 3135 3115 3145 3110 3125 3061 3117 3026 3093 3013 3070 3140 3145 3094 3089 3129 3062 3124 3157 3142 3138 3150 3160 3216 3176 3198 3147 3184 3205 3173 3132 3189 3089 3137 3080 3056 3047 2944 2920 2908 2870 2914 2929 2961 2945 2955 2929 2879 2919 2897 2877 2930 2965 2973 2992 2939 2909 2920 2818 2862 2910 2831 2798 2843 2794 2786 2861 2882 2873 2865 2790 2863 2855 2922 2906 2882 2946 2903 2875 2862 2865 2938 2936 2916 2927 3007 2942 3024 2940 3023 2985 2988 3036 2925 2880 2892 2960 2894 2890 2757 2847 2823 2838 2786 2800 2877 2905 2889 2865 2864 2881 2918 2910 2824 2871 2866 2816 2789 2769 2756 2766 2778 2809 2888 2923 2846 2846 2785 2894 2810 2770 2756 2721 2728 2797 2823 2870 2903 2882 2889 2916 2945 2987 2970 2953 2952 3004 3010 3067 3114 3067 3108 3108 3091 3067 3128 3100 3077 3037 2944 2956 2944 2904 2892 2889 2903 2855 2878 2925 2910 2935 2892 2909 2877 2919 2848 2828 2823 2701 2712 2751 2731 2816 2886 2849 2792 2840 2783 2752 2804 2820 2830 2829 2752 2716 2765 2837 2820 2879 2987 2937 2876 2893 2934 2902 2923 2855 2914 2897 2888 2948 2958 2950 2945 2947 2963 2901 2910 2903 2909 2807 2901 2891 2921 2879 2876 2911 2858 2951 2827 2819 2844 2842 2873 2858 2865 2874 2911 2898 2925 2927 2920 2888 2856 2855 2845 2812 2844 2813 2871 2775 2741 2712 2725 2742 2803 2837 2889 2826 2787 2787 2785 2790 2862 2784 2762 2770 2811 2845 2869 2914 2904 2863 2924 2913 2919 2892 2872 2886 2806 2804 2827 2874 2920 2893 3275 3919 3519 3172 2936 2925 2893 2856 2847 2824 2821 2788 2724 2734 2740 2785 2741 2789 2787 2750 2784 2818 2847 2843 2973 2899 2866 2925 3026 3042 3065 2992 2942 2937 2892 2857 2913 2795 2829 2785 2769 2813 2798 2780 2839 2766 2754 2806 2844 2805 2873 2953 2991 3040 2946 2985 3067 3072 2995 2988 2939 2921 2958 3046 3028 3014 2972 3029 3055 2964 2968 3012 3055 3064 3122 3096 3084 3062 3137 3184 3178 3188 3180 3136 3125 3045 3040 3022 3026 2987 3023 3041 3060 3012 3028 3015 3039 2981 2984 2969 2958 2913 2905 2976 2981 2987 2987 3032 3099 3072 3062 3078 3097 3121 3144 3121 3159 3134 3118 3136 3023 3023 3026 3070 3065 3104 3103 3125 3110 3232 3207 3247 3164 3114 3206 3245 3180 3129 3089 3111 3125 3142 3211 3160 3145 3181 3218 3139 3182 3204 3153 3105 3081 3050 3057 3060 3081 3102 3041 3012 3000 2924 2868 2886 2878 2930 2920 2855 2865 2834 2812 2851 2824 2911 2796 2781 2856 2869 2814 2910 2807 2776 2774 2866 2809 2836 2851 2904 2890 2929 2901 2884 2848 2977 2954 2916 2922 2893 2932 2934 2970 2971 2923 2920 2866 2849 2903 2830 2825 2805 2799 2858 2897 2853 2848 2936 2820 2792 2902 2866 2842 2776 2829 2775 2863 2952 2946 2945 2909 2894 2917 2922 2974 2987 2949 2876 2874 2865 2910 2911 2827 2835 2906 2781 2793 2730 2784 2781 2807 2790 2798 2854 2935 2968 3002 2999 2901 2857 2862 2865 2771 2918 2792 2803 2818 2780 2823 2860 2882 2896 2861 2813 2784 2741 2805 2779 2853 2885 2898 2871 2862 2815 2834 2829 2787 2781 2734 2713 2685 2636 2585 2606 2572 2531 2557 2596 2560 2728 2746 2794 2863 2801 2742 2726 2799 2757 2846 2842 2811 2735 2676 2635 2668 2629 2604 2595 2601 2656 2763 2704 2721 2675 2758 2753 2764 2769 2734 2686 2667 2694 2696 2684 2688 2666 2658 2660 2640 2712 2709 2728 2741 2720 2779 2696 2571 2574 2614 2631 2722 2647 2696 2559 2565 2553 2574 2590 2596 2688 2681 2676 2649 2694 2738 2685 2630 2673 2667 2627 2630 2591 2628 2580 2607 2650 2688 2555 2601 2582 2583 2632 2582 2595 2649 2595 2562 2516 2526 2539 2625 2657 2631 2598 2581 2704 2651 2722 2663 2660 2619 2581 2523 2620 2491 2518 2535 2515 2510 2565 2569 2565 2536 2670 2566 2563 2634 2580 2591 2616 2707 2679 2761 2735 2658 2619 2669 2787 2804 2803 2878 2897 2822 2878 2903 2909 2988 3093 3152 3064 3193 3145 3162 3203 3140 3120 3116 3097 3112 3088 3034 3095 3116 3062 3139 3033 2907 2904 2936 2890 2828 2807 2763 2745 2662 2769 2763 2808 2775 2734 2737 2761 2764 2739 2769 2743 2819 2789 2849 2925 3017 3027 3078 3097 3130 3228 3196 3219 3140 3147 3067 3167 3128 3120 3044 3121 3126 3021 2938 2959 2954 2848 2866 2919 2927 2887 2869 2830 2813 2831 2856 2809 2793 2840 2833 2831 2752 2831 2863 2871 2957 3028 3019 2954 2991 3001 2918 2926 2937 2893 2785 2817 2774 2770 2750 2649 2588 2549 2581 2532 2509 2480 2464 2472 2515 2583 2635 2613 2673 2688 2683 2696 2745 2733 2738 2744 2707 2822 2792 2776 2796 2875 2868 2862 2841 2813 2819 2773 2718 2712 2653 2639 2623 2631 2661 2650 2665 2665 2620 2632 2563 2557 2593 2591 2626 2625 2680 2644 2658 2638 2738 2779 2905 2784 2759 2872 2798 2775 2856 2917 2863 2909 2862 2788 2795 2809 2746 2790 2793 2771 2715 2682 2607 2608 2554 2619 2677 2658 2665 2615 2574 2562 2566 2607 2627 2587 2513 2536 2550 2581 2585 2634 2671 2588 2634 2664 2709 2668 2728 2684 2688 2716 2806 2806 2755 2736 2792 2763 2781 2731 2767 2667 2725 2670 2694 2721 2691 2602 2568 2596 2573 2672 2646 2629 2689 2661 2623 2616 2581 2566 2522 2513 2504 2499 2560 2545 2586 2585 2625 2606 2645 2658 2702 2649 2724 2799 2779 2794 2768 2764 2826 2804 2788 2799 2716 2811 2819 2834 2946 2967 2949 2970 3017 3020 2998 2956 3031 3012 2983 2987 3070 3034 3004 3023 3029 3016 3008 3002 3038 2990 2981 2984 2984 2958 2972 2971 2986 2981 2919 2821 2846 2782 2755 2789 2755 2774 2740 2715 2652 2668 2714 2703 2684 2673 2701 2666 2744 2801 2771 2809 2898 2904 2840 2813 2804 2774 2769 2791 2808 2796 2789 2773 2684 2682 2679 2740 2696 2678 2665 2655 2645 2645 2598 2646 2654 2680 2711 2768 2746 2727 2755 2735 2742 2709 2755 2857 2815 2822 2819 2828 2905 2819 2831 2862 2815 2854 2868 2893 2837 2796 2803 2827 2848 2862 2825 2936 2891 2864 2879 2913 2920 2909 2947 3002 3021 2919 2943 2911 2924 2838 2854 2811 2715 2703 2696 2650 2720 2666 2567 2532 2548 2510 2528 2564 2565 2497 2559 2572 2680 2672 2732 2742 2693 2767 2831 2832 2830 2890 2862 2772 2774 2785 2787 2831 2748 2781 2712 2689 2643 2618 2587 2596 2643 2619 2591 2578 2561 2558 2562 2547 2523 2457 2511 2483 2542 2545 2591 2556 2612 2612 2592 2600 2595 2683 2731 2784 2762 2731 2708 2687 2726 2771 2854 2726 2698 2737 2696 2632 2683 2775 2669 2671 2610 2604 2584 2516 2529 2475 2424 2400 2427 2423 2384 2407 2310 2260 2256 2224 2229 2241 2281 2350 2349 2315 2374 2456 2529 2569 2574 2646 2595 2639 2598 2692 2779 2602 2617 2640 2530 2425 2420 2445 2507 2508 2551 2445 2465 2481 2503 2429 2395 2411 2426 2470 2466 2512 2530 2509 2552 2564 2554 2554 2483 2422 2502 2403 2427 2518 2512 2501 2566 2519 2394 2431 2479 2540 2485 2535 2536 2554 2469 2431 2524 2510 2563 2499 2905 3170 3188 2910 2684 2640 2682 2715 2590 2603 2646 2655 2636 2584 2551 2503 2531 2541 2538 2500 2471 2513 2483 2518 2447 2475 2520 2492 2544 2517 2553 2502 2583 2528 2530 2472 2465 2452 2394 2462 2406 2362 2402 2398 2342 2351 2434 2455 2539 2509 2373 2353 2376 2348 2352 2388 2361 2404 2387 2381 2456 2437 2429 2475 2524 2532 2532 2622 2570 2536 2517 2498 2493 2396 2497 2445 2436 2431 2481 2524 2523 2511 2551 2554 2515 2498 2575 2624 2619 2594 2554 2611 2655 2625 2585 2549 2533 2477 2489 2606 2532 2585 2561 2574 2634 2692 2636 2668 2638 2595 2627 2706 2684 2727 2708 2757 2811 2827 2810 2753 2802 2841 2848 2849 2777 2805 2772 2721 2797 2717 2731 2735 2619 2640 2635 2614 2643 2627 2700 2662 2666 2665 2645 2726 2739 2741 2794 2822 2827 2846 2805 2819 2857 2811 2775 2755 2803 2718 2789 2816 2719 2703 2740 2697 2684 2679 2572 2662 2700 2723 2620 2675 2638 2671 2660 2606 2601 2535 2527 2512 2554 2504 2544 2537 2572 2599 2638 2628 2645 2682 2656 2698 2634 2602 2640 2629 2656 2575 2595 2601 2559 2550 2563 2630 2520 2568 2582 2602 2564 2631 2653 2629 2674 2724 2670 2664 2725 2748 2819 2818 2842 2828 2776 2828 2841 2849 2851 2833 2770 2882 2881 2804 2870 2848 2800 2719 2714 2602 2586 2659 2618 2619 2659 2664 2694 2644 2625 2657 2736 2717 2664 2697 2702 2711 2745 2729 2717 2778 2772 2767 2822 2787 2709 2754 2747 2805 2808 2863 2832 2793 2802 2734 2740 2815 2821 2812 2827 2808 2753 2717 2787 2797 2817 2852 2778 2790 2828 2818 2800 2755 2781 2776 2784 2844 2811 2734 2773 2780 2755 2785 2833 2899 2862 2826 2817 2861 2846 2869 2775 2732 2725 2761 2694 2678 2708 2800 2775 2846 2846 2837 2816 2857 2933 2898 2978 2939 2989 3025 3041 3034 3123 3047 3049 3082 2994 3058 2995 3034 2957 2853 2854 2782 2730 2724 2728 2755 2685 2764 2678 2584 2624 2645 2662 2721 2731 2634 2640 2671 2686 2736 2740 2668 2672 2725 2683 2682 2695 2667 2699 2709 2727 2724 2737 2749 2735 2777 2758 2777 2843 2851 2755 2721 2717 2777 2751 2785 2733 2752 2761 2777 2724 2789 2815 2739 2818 2790 2763 2769 2789 2763 2726 2726 2769 2748 2658 2630 2608 2709 2720 2750 2769 2787 2700 2706 2762 2723 2721 2681 2629 2653 2697 2735 2775 2848 2770 2840 2896 2858 2895 2811 2837 2774 2856 2836 2829 2790 2801 2752 2732 2687 2698 2707 2739 2744 2685 2689 2624 2621 2614 2621 2588 2611 2603 2592 2615 2607 2605 2678 2681 2592 2642 2641 2638 2647 2644 2650 2637 2622 2600 2582 2618 2568 2540 2572 2587 2519 2508 2567 2559 2558 2525 2441 2591 2661 2605 2669 2612 2626 2591 2601 2630 2580 2642 2625 2647 2648 2662 2664 2690 2701 2680 2704 2655 2719 2691 2735 2763 2762 2748 2741 2727 2652 2664 2608 2735 2708 2708 2683 2619 2684 2693 2660 2679 2708 2710 2705 2675 2653 2621 2698 2643 2649 2570 2569 2614 2611 2625 2605 2592 2571 2640 2650 2642 2578 2509 2528 2583 2685 2650 2706 2714 2634 2669 2662 2689 2662 2617 2574 2632 2600 2617 2699 2751 2752 2781 2715 2739 2768 2791 2802 2854 2739 2793 2708 2716 2768 2799 2777 2772 2686 2735 2660 2731 2664 2690 2710 2689 2713 2692 2608 2572 2605 2526 2458 2481 2522 2514 2532 2593 2503 2486 2469 2446 2454 2540 2547 2531 2530 2570 2557 2637 2608 2567 2503 2496 2557 2542 2558 2555 2554 2509 2539 2510 2506 2483 2464 2580 2558 2596 2603 2535 2542 2523 2451 2494 2441 2445 2521 2531 2488 2480 2448 2476 2461 2440 2490 2425 2441 2359 2395 2411 2437 2441 2470 2445 2485 2432 2429 2464 2413 2410 2483 2512 2490 2441 2401 2339 2327 2373 2344 2398 2323 2335 2311 2338 2339 2327 2309 2359 2301 2286 2364 2387 2334 2247 2297 2336 2404 2370 2323 2430 2439 2429 2462 2362 2352 2370 2318 2284 2235 2240 2268 2306 2301 2318 2345 2385 2393 2422 2422 2459 2447 2505 2581 2565 2550 2455 2465 2469 2411 2377 2411 2371 2351 2388 2348 2364 2347 2329 2335 2293 2292 2356 2375 2400 2395 2451 2397 2449 2434 2491 2474 2459 2430 2468 2447 2442 2389 2321 2297 2355 2469 2382 2449 2397 2413 2412 2331 2310 2320 2436 2415 2395 2378 2412 2400 2363 2378 2281 2287 2285 2315 2392 2336 2320 2350 2392 2391 2372 2387 2398 2413 2425 2358 2479 2469 2405 2373 2409 2393 2406 2479 2419 2479 2425 2433 2422 2442 2415 2432 2429 2437 2345 2394 2422 2401 2452 2451 2499 2378 2334 2355 2436 2431 2427 2417 2353 2406 2342 2347 2283 2306 2205 2239 2273 2318 2332 2351 2298 2377 2387 2389 2385 2332 2348 2422 2429 2431 2404 2432 2441 2371 2440 2358 2394 2381 2389 2423 2460 2417 2366 2379 2413 2368 2456 2409 2439 2362 2376 2408 2436 2437 2448 2475 2412 2430 2444 2429 2469 2351 2424 2422 2437 2475 2516 2595 2551 2489 2496 2445 2344 2335 2317 2346 2330 2342 2352 2367 2358 2364 2358 2447 2474 2428 2448 2445 2419 2403 2437 2497 2543 2568 2663 2629 2607 2524 2464 2454 2513 2571 2512 2436 2360 2339 2387 2337 2399 2425 2412 2380 2429 2453 2410 2430 2392 2453 2414 2432 2480 2482 2394 2378 2368 2459 2437 2445 2412 2449 2453 2483 2536 2550 2589 2629 2801 2820 2849 2804 2798 2768 2810 2840 2966 2950 2997 3015 3008 2937 2843 2776 2736 2711 2749 2599 2616 2765 2707 2692 2636 2614 2628 2595 2681 2745 2822 2799 2813 2842 2873 2920 2796 2824 2746 2838 3334 3131 3003 2889 2957 2758 2727 2778 2660 2619 2634 2591 2614 2568 2563 2573 2546 2617 2773 2704 2654 2614 2551 2440 2500 2424 2413 2441 2441 2336 2335 2355 2458 2447 2421 2443 2439 2562 2531 2594 2611 2681 2673 2670 2725 2694 2607 2607 2573 2501 2501 2484 2471 2476 2466 2434 2425 2375 2488 2527 2529 2546 2521 2500 2497 2543 2621 2543 2470 2465 2426 2418 2404 2413 2404 2324 2279 2299 2309 2297 2309 2338 2297 2262 2195 2201 2277 2231 2274 2277 2301 2243 2287 2311 2322 2296 2291 2253 2275 2226 2209 2331 2389 2322 2364 2297 2245 2303 2290 2238 2257 2249 2345 2225 2266 2302 2280 2308 2321 2351 2367 2341 2306 2306 2265 2204 2189 2255 2264 2341 2348 2361 2308 2248 2240 2204 2189 2151 2159 2163 2261 2226 2259 2284 2227 2285 2207 2256 2192 2182 2111 2137 2085 2112 2121 2150 2223 2217 2139 2173 2169 2189 2155 2191 2169 2151 2167 2275 2204 2158 2157 2156 2092 2060 2064 2148 2191 2077 2082 2155 2190 2188 2182 2218 2240 2248 2181 2201 2222 2185 2104 2109 2116 2165 2242 2135 2228 2277 2167 2129 2167 2147 2163 2154 2088 2123 2205 2197 2150 2103 2137 2172 2150 2197 2180 2131 2164 2170 2191 2206 2203 2170 2099 2128 2138 2090 2128 2168 2288 2321 2380 2403 2448 2614 2607 2577 2604 2620 2581 2537 2530 2471 2508 2411 2317 2310 2327 2304 2284 2193 2188 2237 2175 2177 2172 2168 2200 2240 2235 2226 2242 2242 2262 2315 2303 2263 2312 2310 2258 2394 2359 2364 2397 2360 2223 2211 2247 2185 2217 2191 2182 2149 2206 2235 2231 2271 2266 2248 2323 2206 2284 2192 2133 2146 2111 2091 2151 2182 2172 2182 2140 2149 2199 2209 2208 2269 2211 2222 2210 2254 2260 2212 2265 2323 2296 2319 2284 2331 2408 2356 2393 2325 2322 2358 2335 2374 2334 2385 2351 2410 2293 2360 2291 2347 2291 2331 2347 2302 2337 2322 2347 2301 2319 2291 2398 2325 2318 2355 2397 2378 2387 2339 2335 2296 2296 2380 2365 2322 2279 2358 2428 2422 2417 2402 2395 2394 2357 2395 2354 2375 2361 2401 2364 2378 2383 2400 2335 2347 2326 2404 2409 2355 2385 2392 2352 2345 2416 2418 2423 2426 2423 2521 2508 2477 2450 2510 2545 2582 2534 2483 2524 2588 2551 2466 2420 2428 2487 2494 2523 2508 2422 2434 2467 2441 2455 2401 2385 2433 2415 2405 2395 2391 2413 2482 2453 2491 2438 2480 2462 2519 2574 2537 2539 2582 2574 2647 2546 2594 2577 2564 2646 2585 2619 2721 2611 2581 2578 2592 2516 2616 2587 2566 2562 2514 2542 2595 2587 2681 2697 2746 2700 2764 2728 2691 2668 2672 2693 2633 2773 2859 2741 2755 2672 2625 2646 2705 2732 2821 2791 2820 2796 2772 2852 2904 2914 2919 2969 2958 2946 2831 2861 2918 2913 2937 2889 2836 2869 2874 2827 2951 2953 2973 3011 3096 3075 3040 2997 3035 3042 3084 2985 2990 3043 3101 2986 3075 3050 3045 2992 3050 2933 2984 3018 3004 2952 2920 2920 2955 2900 2888 2929 2954 2956 2947 2830 2810 2785 2872 2825 2820 2755 2789 2772 2789 2766 2796 2789 2785 2909 2873 2899 2958 2992 2939 2980 2881 2854 2903 2887 2874 2876 2905 2904 2843 2777 2827 2722 2860 2715 2755 2766 2798 2751 2734 2817 2807 2805 2897 2910 2914 2916 2908 2916 2929 2930 2877 2924 2877 2855 2866 2975 2851 2896 3004 2989 3001 3015 3072 3076 3078 3036 2959 2957 2935 2986 2973 2992 2941 2952 2932 2925 2866 2877 2857 2884 2923 2868 2994 3013 2977 2919 2990 3026 3129 3118 3125 3162 3136 3120 3137 3085 3169 3183 3199 3203 3178 3226 3236 3219 3146 3100 3105 3044 3106 3094 3107 3055 3040 3017 2909 2911 2869 2890 2822 2825 2840 2856 2965 2998 3016 2980 2947 2939 3080 3102 3073 3048 3124 3160 3073 3116 3119 3146 3221 3243 3196 3168 3189 3113 3066 3030 3041 3027 3081 3096 2904 2899 2839 2743 2738 2723 2692 2722 2757 2707 2730 2778 2854 2760 2841 2820 2858 2807 2765 2696 2721 2728 2723 2786 2783 2732 2767 2792 2813 2832 2845 2895 2888 2942 2904 2901 2894 2900 2857 2798 2828 2798 2696 2717 2738 2694 2750 2793 2782 2851 2841 2825 2824 2790 2822 2845 2835 2796 2850 2811 2756 2725 2790 2797 2799 2788 2864 2951 2938 2986 2909 2946 3003 3034 3048 2974 2991 2944 2887 2870 2845 2836 2843 2760 2775 2746 2702 2560 2560 2571 2586 2622 2598 2575 2556 2576 2554 2550 2555 2588 2669 2713 2666 2619 2762 2716 2705 2661 2731 2768 2754 2833 2890 2899 2973 2936 3017 2982 2965 2935 2896 2940 2917 2921 2901 2873 2809 2811 2762 2747 2760 2715 2634 2776 2791 2744 2776 2774 2777 2721 2665 2666 2659 2682 2614 2639 2639 2686 2666 2638 2649 2694 2800 2837 2887 2953 2941 2927 2925 2874 2963 2950 2933 2925 2857 2822 2811 2760 2761 2715 2676 2733 2743 2713 2647 2742 2753 2707 2735 2651 2653 2618 2671 2765 2692 2668 2589 2537 2589 2620 2676 2682 2711 2745 2802 2784 2768 2816 2769 2799 2798 2801 2911 2943 2858 2814 2754 2719 2733 2754 2710 2709 2699 2646 2676 2685 2638 2693 2643 2750 2713 2688 2699 2661 2698 2695 2660 2657 2652 2712 2706 2604 2570 2670 2735 2750 2869 2907 2935 2919 2972 2914 2984 2897 2838 2845 2790 2781 2785 2689 2742 2664 2651 2621 2652 2647 2617 2716 2765 2754 2720 2737 2777 2797 2726 2737 2712 2779 2797 2786 2723 2705 2733 2699 2723 2688 2722 2698 2829 2859 2890 2903 2851 2891 2831 2873 2782 2818 2809 2843 2803 2838 2802 2783 2822 2860 2857 2843 3147 3798 3967 3037 2775 2730 2741 2829 2858 2893 2860 2756 2830 2809 2806 2824 2853 2880 2841 2809 2871 2965 3011 3070 3032 2982 2978 2978 3034 3047 3024 3040 2962 2992 2934 2823 2933 2920 2901 2888 2914 2881 2847 2787 2837 2883 2868 2823 2804 2833 2812 2850 2936 2865 2904 2880 2893 2903 2967 3008 2974 3078 3077 3087 3103 3094 3063 3170 3173 3161 3125 3153 3124 3149 3162 3074 2952 3027 2928 2991 2945 2933 2934 2954 3006 3088 3013 3005 3027 2990 3035 3076 3060 3071 3137 3125 3033 3034 2984 2955 2979 2956 2957 3049 3036 3029 3089 3110 3103 3109 2995 3039 3066 3109 3066 3056 3023 3013 2922 2955 2930 2876 2909 2968 2930 2816 2806 2830 2798 2869 2844 2831 2794 2816 2833 2813 2841 2802 2895 2860 2822 2900 2955 3026 3053 3128 3182 3160 3229 3168 3220 3158 3105 3072 3059 2995 2975 2932 2936 2905 2843 2890 2934 2909 2890 2819 2868 2873 2851 2870 2868 2930 2914 2889 2937 2923 2982 2939 2867 2936 2897 2901 2944 2996 3018 3094 3183 3190 3191 3210 3238 3185 3178 3262 3211 3206 3199 3179 3134 3148 3079 3039 3036 3025 3004 2967 2966 2944 2927 2870 2885 2928 2902 2952 2936 2958 3001 3031 3048 3087 3180 3159 3241 3255 3327 3382 3505 3496 3508 3475 3425 3375 3358 3387 3364 3395 3407 3355 3346 3305 3258 3245 3227 3222 3225 3201 3214 3161 3165 3095 3190 3164 3094 3125 3089 3127 3078 3074 3138 3242 3133 3100 3034 3062 3129 3185 3268 3252 3278 3320 3344 3320 3359 3292 3301 3308 3275 3271 3277 3326 3348 3339 3129 3017 2935 3021 3097 3104 3116 2947 2997 3024 2982 3047 3064 3080 2992 3070 3063 3123 3175 3187 3193 3210 3165 3219 3218 3334 3336 3403 3396 3446 3425 3458 3431 3513 3453 3438 3328 3256 3280 3301 3261 3225 3156 3112 3130 3083 3081 3106 3109 3093 3063 3005 3046 2972 2945 2907 2876 2891 2924 2901 2892 2898 2854 2919 2908 2926 2875 2981 3025 2919 3008 2995 3008 3034 3015 3061 3032 2982 3019 3030 3043 3028 3024 2978 2887 2880 2855 2894 2856 2865 2812 2828 2896 2889 2906 2876 2854 2867 2803 2772 2835 2774 2799 2841 2723 2773 2796 2822 2843 2883 2827 2840 2838 2888 2907 2947 2954 3009 2954 2921 2969 2917 2894 2937 2898 2872 2855 2829 2833 2853 2798 2792 2873 2876 2850 2861 2907 2841 2911 2844 2873 2893 2882 2930 2938 2940 2922 2906 2933 2993 3074 3053 3091 3085 3155 3179 3247 3244 3158 3154 3174 3079 3087 3122 3068 3059 3012 2971 2932 2889 2880 2801 2820 2791 2808 2751 2854 2791 2750 2742 2819 2723 2715 2727 2691 2748 2746 2755 2721 2797 2776 2906 2923 3011 3019 3001 2983 2998 2987 2967 2958 2934 2949 2934 2831 2814 2811 2854 2830 2801 2796 2769 2759 2771 2724 2684 2739 2710 2773 2795 2883 2913 2980 2920 2869 2935 2956 2965 3061 3011 3028 3086 3073 3077 3115 3106 3153 3128 3194 3193 3199 3176 3130 3102 3031 2999 3052 3013 2959 2949 2916 2980 3014 2950 2932 2988 2953 2986 2988 2967 2958 2929 3035 2950 2935 2948 3014 3011 2896 2936 2961 2919 2924 2879 2905 2928 2995 3037 3074 3033 2990 3104 3175 3106 3086 3149 3099 3079 3216 3125 3090 3056 3028 2987 2938 2973 2950 3027 3062 3037 3033 3000 2993 3027 2973 2985 3067 3009 3053 3051 3007 3058 3038 3085 3083 3169 3147 3261 3275 3236 3255 3196 3214 3144 3190 3179 3167 3167 3137 3115 3121 3122 3052 3028 2944 2929 2977 2982 2932 2959 2907 2922 2931 2878 2808 2782 2728 2886 2847 2824 2834 2778 2801 2873 2902 3062 3079 3034 3049 3167 3103 3056 3061 3041 3013 3010 2987 2930 2961 2848 2812 2792 2889 2779 2787 2741 2723 2711 2698 2713 2665 2696 2703 2680 2610 2675 2596 2689 2682 2663 2692 2707 2688 2764 2809 2795 2849 2958 3013 3050 3068 3062 3015 3050 3124 3125 3132 3113 3147 3116 3134 3059 3018 2960 2936 2935 2885 2930 2866 2878 2877 2830 2890 2885 2908 2894 2938 2968 2990 2993 2920 2972 2935 3015 2923 2923 2969 2989 3093 3100 3194 3177 3116 3184 3254 3303 3221 3181 3205 3175 3054 3080 3126 3012 2981 2981 2917 2902 2883 2884 2906 2909 2940 2933 2940 2956 3052 3018 3068 3022 3023 3053 3006 3003 3058 3072 3126 3166 3174 3195 3214 3240 3277 3331 3384 3381 3356 3311 3313 3330 3273 3172 3135 3087 3101 3060 3079 3021 2986 3012 3056 3091 3052 3047 2978 2992 2997 3019 2995 2983 2993 2939 2915 2960 2918 2953 2896 2867 2907 2977 3045 3101 3130 3136 3171 3141 3166 3152 3161 3185 3172 3125 3115 3053 3086 3036 3079 3035 3074 3101 3069 3035 3000 2974 2981 2971 2989 2943 2969 2940 2919 2844 2921 2901 2846 2900 2925 3057 3040 3074 3128 3186 3254 3266 3232 3222 3213 3226 3220 3289 3241 3251 3241 3189 3188 3138 3050 2970 3072 3043 3040 3034 3051 2911 2992 2943 2999 2962 2972 3013 2968 2987 2913 2825 2900 2857 2835 2768 2804 2820 2834 2784 2803 2839 2868 2884 2946 2973 2954 2969 3038 3066 3083 3066 3029 3084 3005 2979 2961 2957 2967 2931 2878 2856 2902 2859 2853 2848 2834 2752 2813 2884 2924 2863 2870 2766 2835 2824 2817 2832 2818 2779 2781 2763 2822 2831 2765 2860 2845 2955 2970 2920 2972 2990 2999 2989 3050 3073 3034 3053 2991 3015 3005 3023 2974 2941 2914 2919 2914 2946 2914 3007 2956 2922 2892 2914 2894 2900 2933 2926 2929 2869 2885 2872 2931 2858 2853 2821 2835 2794 2815 2837 2875 2894 2859 2877 2854 2916 2946 2866 2875 2846 2825 2901 3342 4158 3766 3033 2730 2744 2763 2693 2816 2770 2798 2794 2810 2781 2804 2850 2800 2863 2789 2848 2926 2901 2829 2778 2785 2734 2784 2744 2776 2790 2850 2858 2857 2811 2873 2766 2808 2829 2791 2762 2722 2654 2769 2797 2828 2810 2799 2850 2803 2883 2910 2927 3011 3001 2994 2993 3025 3021 3048 3020 3022 3086 3043 3116 3069 3056 2998 3000 2917 2887 2924 2875 2925 2889 2916 2949 2857 2810 2796 2809 2835 2814 2886 2841 2800 2881 2857 2860 2868 2814 2818 2875 2896 2904 2944 2964 2911 2929 2867 2907 2950 2898 2904 2951 2964 3021 2970 2898 2945 2936 2925 2915 2976 3021 2955 2927 2907 2900 2939 2933 2978 2937 2926 2919 2892 2910 2941 2970 2986 2993 3000 2987 2921 2918 2885 2910 2917 2891 2871 2963 2884 2923 2963 2945 2905 2926 2956 2928 2915 2944 2937 2932 2899 2888 2930 2899 2935 2873 2883 2905 2918 2891 2929 2879 2909 2832 2829 2918 2833 2906 2944 2879 2857 2869 2847 2887 2855 2823 2785 2757 2710 2761 2695 2709 2662 2655 2719 2722 2602 2617 2580 2512 2510 2544 2437 2427 2437 2338 2343 2348 2354 2257 2337 2284 2317 2365 2363 2310 2364 2340 2327 2337 2339 2309 2316 2284 2249 2213 2274 2264 2212 2183 2235 2182 2186 2147 2135 2114 2155 2156 2108 2049 1986 1986 1914 1978 1979 1959 1937 1973 1988 1941 1917 1856 1874 1853 1831 1808 1723 1712 1721 1687 1700 1732 1676 1694 1643 1638 1660 1638 1655 1626 1605 1577 1561 1550 1517 1493 1492 1486 1427 1412 1442 1417 1449 1432 1389 1450 1422 1458 1421 1349 1373 1416 1426 1440 1483 1476 1432 1397 1400 1402 1349 1417 1412 1398 1358 1364 1384 1377 1364 1365 1263 1216 1179 1201 1215 1201 1135 1145 1147 1118 1111 1047 1034 1018 1033 1027 1029 1056 1096 1051 1071 987 927 959 997 976 934 891 905 945 971 970 920 876 833 810 807 902 843 772 811 772 816 838 774 812 883 863 884 916 855 868 861 820 859 843 835 826 852 854 912 950 887 909 865 890 836 860 819 844 849 868 817 809 801 775 747 743 709 736 720 681 659 644 630 613 604 605 632 592 656 676 601 662 696 615 637 621 627 636 694 651 741 744 772 727 747 686 710 665 618 558 596 567 578 574 550 544 528 569 521 469 505 499 516 491 522 463 459 453 496 537 499 538 524 577 594 641 620 545 575 624 591 635 573 601 562 556 567 503 511 524 544 549 491 440 397 400 370 379 371 337 371 332 325 333 318 352 322 307 332 315 275 289 262 242 252 336 389 406 406 466 483 488 470 478 436 448 446 412 359 347 311 293 293 253 237 188 173 174 177 178 176 180 193 207 219 209 210 204 204 196 212 212 203 207 198 197 194 190 194 190 176 162 162 156 156 156 158 158 158 158 158 158 188 188 188 170 170 170 156 156 158 164 162 162 162 162 162 158 158 158 156 156 156 156 156 156 156 156 156 156 156 156 156 156 156 156 156 156 156 156 156 156 156 156 156 156 156 156 156 156 156 156 156 156 156 156 156 156 156 156 156 156 156 156 156 156 156 156 156 156 156 156 156 156 156 156 156 156 156 156 156 156 156 156 156 156 156 156 156 156 156 156 156 156 156 156 156 156 156 156 156 156 156 156 156 156 156 156 156 156 156 156 156 156 156 156 bytes
       [Exif IFD0 - 0x011a] X Resolution = 72 dots per inch
       [Exif IFD0 - 0x011b] Y Resolution = 72 dots per inch
       [Exif IFD0 - 0x011c] Planar Configuration = Chunky (contiguous for each subsampling pixel)
       [Exif IFD0 - 0x0128] Resolution Unit = Inch
JAVA   [Exif IFD0 - 0x0140] Color Map = [768 values]
DOTNET [Exif IFD0 - 0x0140] Unknown tag (0x0140) = [768 values]
       [Exif IFD0 - 0x830e] Pixel Scale = 10.16 10.16 0
       [Exif IFD0 - 0x8482] Model Tie Point = 0 0 0 663061.704 4656892.36 0
JAVA   [Exif IFD0 - 0x87af] GeoTIFF Geo Keys = [20 values]
       
       [GeoTIFF - 0x0400] Model Type = Projected
       [GeoTIFF - 0x0401] Raster Type = PixelIsArea
       [GeoTIFF - 0x0c00] Projected Coordinate System Type = WGS84 UTM zone 17N
       [GeoTIFF - 0x0c01] Projected Coordinate System Citation = UTM Zone 17 N with WGS84
       
       [File Type - 0x0001] Detected File Type Name = TIFF
       [File Type - 0x0002] Detected File Type Long Name = Tagged Image File Format
       [File Type - 0x0003] Detected MIME Type = image/tiff
       [File Type - 0x0004] Expected File Name Extension = tiff
       
       [File - 0x0001] File Name = f41078e1.tif
       [File - 0x0002] File Size = 15654720 bytes
       [File - 0x0003] File Modified Date = <omitted for regression testing as checkout dependent>
       
       - Exif IFD0
           - GeoTIFF
       - File Type
       - File
       
       Generated using metadata-extractor
       https://drewnoakes.com/code/exif/
       
