       FILE: ilatlon_float.tif
       TYPE: TIFF
       
       [Exif IFD0 - 0x0100] Image Width = 1828 pixels
       [Exif IFD0 - 0x0101] Image Height = 1823 pixels
       [Exif IFD0 - 0x0102] Bits Per Sample = 32 bits/component/pixel
       [Exif IFD0 - 0x0103] Compression = Uncompressed
       [Exif IFD0 - 0x0106] Photometric Interpretation = BlackIsZero
       [Exif IFD0 - 0x0111] Strip Offsets = [1823 values]
       [Exif IFD0 - 0x0115] Samples Per Pixel = 1 samples/pixel
       [Exif IFD0 - 0x0116] Rows Per Strip = 1 rows/strip
       [Exif IFD0 - 0x0117] Strip Byte Counts = 7312 7312 7312 7312 7312 7312 7312 7312 7312 7312 7312 7312 7312 7312 7312 7312 7312 7312 7312 7312 7312 7312 7312 7312 7312 7312 7312 7312 7312 7312 7312 7312 7312 7312 7312 7312 7312 7312 7312 7312 7312 7312 7312 7312 7312 7312 7312 7312 7312 7312 7312 7312 7312 7312 7312 7312 7312 7312 7312 7312 7312 7312 7312 7312 7312 7312 7312 7312 7312 7312 7312 7312 7312 7312 7312 7312 7312 7312 7312 7312 7312 7312 7312 7312 7312 7312 7312 7312 7312 7312 7312 7312 7312 7312 7312 7312 7312 7312 7312 7312 7312 7312 7312 7312 7312 7312 7312 7312 7312 7312 7312 7312 7312 7312 7312 7312 7312 7312 7312 7312 7312 7312 7312 7312 7312 7312 7312 7312 7312 7312 7312 7312 7312 7312 7312 7312 7312 7312 7312 7312 7312 7312 7312 7312 7312 7312 7312 7312 7312 7312 7312 7312 7312 7312 7312 7312 7312 7312 7312 7312 7312 7312 7312 7312 7312 7312 7312 7312 7312 7312 7312 7312 7312 7312 7312 7312 7312 7312 7312 7312 7312 7312 7312 7312 7312 7312 7312 7312 7312 7312 7312 7312 7312 7312 7312 7312 7312 7312 7312 7312 7312 7312 7312 7312 7312 7312 7312 7312 7312 7312 7312 7312 7312 7312 7312 7312 7312 7312 7312 7312 7312 7312 7312 7312 7312 7312 7312 7312 7312 7312 7312 7312 7312 7312 7312 7312 7312 7312 7312 7312 7312 7312 7312 7312 7312 7312 7312 7312 7312 7312 7312 7312 7312 7312 7312 7312 7312 7312 7312 7312 7312 7312 7312 7312 7312 7312 7312 7312 7312 7312 7312 7312 7312 7312 7312 7312 7312 7312 7312 7312 7312 7312 7312 7312 7312 7312 7312 7312 7312 7312 7312 7312 7312 7312 7312 7312 7312 7312 7312 7312 7312 7312 7312 7312 7312 7312 7312 7312 7312 7312 7312 7312 7312 7312 7312 7312 7312 7312 7312 7312 7312 7312 7312 7312 7312 7312 7312 7312 7312 7312 7312 7312 7312 7312 7312 7312 7312 7312 7312 7312 7312 7312 7312 7312 7312 7312 7312 7312 7312 7312 7312 7312 7312 7312 7312 7312 7312 7312 7312 7312 7312 7312 7312 7312 7312 7312 7312 7312 7312 7312 7312 7312 7312 7312 7312 7312 7312 7312 7312 7312 7312 7312 7312 7312 7312 7312 7312 7312 7312 7312 7312 7312 7312 7312 7312 7312 7312 7312 7312 7312 7312 7312 7312 7312 7312 7312 7312 7312 7312 7312 7312 7312 7312 7312 7312 7312 7312 7312 7312 7312 7312 7312 7312 7312 7312 7312 7312 7312 7312 7312 7312 7312 7312 7312 7312 7312 7312 7312 7312 7312 7312 7312 7312 7312 7312 7312 7312 7312 7312 7312 7312 7312 7312 7312 7312 7312 7312 7312 7312 7312 7312 7312 7312 7312 7312 7312 7312 7312 7312 7312 7312 7312 7312 7312 7312 7312 7312 7312 7312 7312 7312 7312 7312 7312 7312 7312 7312 7312 7312 7312 7312 7312 7312 7312 7312 7312 7312 7312 7312 7312 7312 7312 7312 7312 7312 7312 7312 7312 7312 7312 7312 7312 7312 7312 7312 7312 7312 7312 7312 7312 7312 7312 7312 7312 7312 7312 7312 7312 7312 7312 7312 7312 7312 7312 7312 7312 7312 7312 7312 7312 7312 7312 7312 7312 7312 7312 7312 7312 7312 7312 7312 7312 7312 7312 7312 7312 7312 7312 7312 7312 7312 7312 7312 7312 7312 7312 7312 7312 7312 7312 7312 7312 7312 7312 7312 7312 7312 7312 7312 7312 7312 7312 7312 7312 7312 7312 7312 7312 7312 7312 7312 7312 7312 7312 7312 7312 7312 7312 7312 7312 7312 7312 7312 7312 7312 7312 7312 7312 7312 7312 7312 7312 7312 7312 7312 7312 7312 7312 7312 7312 7312 7312 7312 7312 7312 7312 7312 7312 7312 7312 7312 7312 7312 7312 7312 7312 7312 7312 7312 7312 7312 7312 7312 7312 7312 7312 7312 7312 7312 7312 7312 7312 7312 7312 7312 7312 7312 7312 7312 7312 7312 7312 7312 7312 7312 7312 7312 7312 7312 7312 7312 7312 7312 7312 7312 7312 7312 7312 7312 7312 7312 7312 7312 7312 7312 7312 7312 7312 7312 7312 7312 7312 7312 7312 7312 7312 7312 7312 7312 7312 7312 7312 7312 7312 7312 7312 7312 7312 7312 7312 7312 7312 7312 7312 7312 7312 7312 7312 7312 7312 7312 7312 7312 7312 7312 7312 7312 7312 7312 7312 7312 7312 7312 7312 7312 7312 7312 7312 7312 7312 7312 7312 7312 7312 7312 7312 7312 7312 7312 7312 7312 7312 7312 7312 7312 7312 7312 7312 7312 7312 7312 7312 7312 7312 7312 7312 7312 7312 7312 7312 7312 7312 7312 7312 7312 7312 7312 7312 7312 7312 7312 7312 7312 7312 7312 7312 7312 7312 7312 7312 7312 7312 7312 7312 7312 7312 7312 7312 7312 7312 7312 7312 7312 7312 7312 7312 7312 7312 7312 7312 7312 7312 7312 7312 7312 7312 7312 7312 7312 7312 7312 7312 7312 7312 7312 7312 7312 7312 7312 7312 7312 7312 7312 7312 7312 7312 7312 7312 7312 7312 7312 7312 7312 7312 7312 7312 7312 7312 7312 7312 7312 7312 7312 7312 7312 7312 7312 7312 7312 7312 7312 7312 7312 7312 7312 7312 7312 7312 7312 7312 7312 7312 7312 7312 7312 7312 7312 7312 7312 7312 7312 7312 7312 7312 7312 7312 7312 7312 7312 7312 7312 7312 7312 7312 7312 7312 7312 7312 7312 7312 7312 7312 7312 7312 7312 7312 7312 7312 7312 7312 7312 7312 7312 7312 7312 7312 7312 7312 7312 7312 7312 7312 7312 7312 7312 7312 7312 7312 7312 7312 7312 7312 7312 7312 7312 7312 7312 7312 7312 7312 7312 7312 7312 7312 7312 7312 7312 7312 7312 7312 7312 7312 7312 7312 7312 7312 7312 7312 7312 7312 7312 7312 7312 7312 7312 7312 7312 7312 7312 7312 7312 7312 7312 7312 7312 7312 7312 7312 7312 7312 7312 7312 7312 7312 7312 7312 7312 7312 7312 7312 7312 7312 7312 7312 7312 7312 7312 7312 7312 7312 7312 7312 7312 7312 7312 7312 7312 7312 7312 7312 7312 7312 7312 7312 7312 7312 7312 7312 7312 7312 7312 7312 7312 7312 7312 7312 7312 7312 7312 7312 7312 7312 7312 7312 7312 7312 7312 7312 7312 7312 7312 7312 7312 7312 7312 7312 7312 7312 7312 7312 7312 7312 7312 7312 7312 7312 7312 7312 7312 7312 7312 7312 7312 7312 7312 7312 7312 7312 7312 7312 7312 7312 7312 7312 7312 7312 7312 7312 7312 7312 7312 7312 7312 7312 7312 7312 7312 7312 7312 7312 7312 7312 7312 7312 7312 7312 7312 7312 7312 7312 7312 7312 7312 7312 7312 7312 7312 7312 7312 7312 7312 7312 7312 7312 7312 7312 7312 7312 7312 7312 7312 7312 7312 7312 7312 7312 7312 7312 7312 7312 7312 7312 7312 7312 7312 7312 7312 7312 7312 7312 7312 7312 7312 7312 7312 7312 7312 7312 7312 7312 7312 7312 7312 7312 7312 7312 7312 7312 7312 7312 7312 7312 7312 7312 7312 7312 7312 7312 7312 7312 7312 7312 7312 7312 7312 7312 7312 7312 7312 7312 7312 7312 7312 7312 7312 7312 7312 7312 7312 7312 7312 7312 7312 7312 7312 7312 7312 7312 7312 7312 7312 7312 7312 7312 7312 7312 7312 7312 7312 7312 7312 7312 7312 7312 7312 7312 7312 7312 7312 7312 7312 7312 7312 7312 7312 7312 7312 7312 7312 7312 7312 7312 7312 7312 7312 7312 7312 7312 7312 7312 7312 7312 7312 7312 7312 7312 7312 7312 7312 7312 7312 7312 7312 7312 7312 7312 7312 7312 7312 7312 7312 7312 7312 7312 7312 7312 7312 7312 7312 7312 7312 7312 7312 7312 7312 7312 7312 7312 7312 7312 7312 7312 7312 7312 7312 7312 7312 7312 7312 7312 7312 7312 7312 7312 7312 7312 7312 7312 7312 7312 7312 7312 7312 7312 7312 7312 7312 7312 7312 7312 7312 7312 7312 7312 7312 7312 7312 7312 7312 7312 7312 7312 7312 7312 7312 7312 7312 7312 7312 7312 7312 7312 7312 7312 7312 7312 7312 7312 7312 7312 7312 7312 7312 7312 7312 7312 7312 7312 7312 7312 7312 7312 7312 7312 7312 7312 7312 7312 7312 7312 7312 7312 7312 7312 7312 7312 7312 7312 7312 7312 7312 7312 7312 7312 7312 7312 7312 7312 7312 7312 7312 7312 7312 7312 7312 7312 7312 7312 7312 7312 7312 7312 7312 7312 7312 7312 7312 7312 7312 7312 7312 7312 7312 7312 7312 7312 7312 7312 7312 7312 7312 7312 7312 7312 7312 7312 7312 7312 7312 7312 7312 7312 7312 7312 7312 7312 7312 7312 7312 7312 7312 7312 7312 7312 7312 7312 7312 7312 7312 7312 7312 7312 7312 7312 7312 7312 7312 7312 7312 7312 7312 7312 7312 7312 7312 7312 7312 7312 7312 7312 7312 7312 7312 7312 7312 7312 7312 7312 7312 7312 7312 7312 7312 7312 7312 7312 7312 7312 7312 7312 7312 7312 7312 7312 7312 7312 7312 7312 7312 7312 7312 7312 7312 7312 7312 7312 7312 7312 7312 7312 7312 7312 7312 7312 7312 7312 7312 7312 7312 7312 7312 7312 7312 7312 7312 7312 7312 7312 7312 7312 7312 7312 7312 7312 7312 7312 7312 7312 7312 7312 7312 7312 7312 7312 7312 7312 7312 7312 7312 7312 7312 7312 7312 7312 7312 7312 7312 7312 7312 7312 7312 7312 7312 7312 7312 7312 7312 7312 7312 7312 7312 7312 7312 7312 7312 7312 7312 7312 7312 7312 7312 7312 7312 7312 7312 7312 7312 7312 7312 7312 7312 7312 7312 7312 7312 7312 7312 7312 7312 7312 7312 7312 7312 7312 7312 7312 7312 7312 7312 7312 7312 7312 7312 7312 7312 7312 7312 7312 7312 7312 7312 7312 7312 7312 7312 7312 7312 7312 7312 7312 7312 7312 7312 7312 7312 7312 7312 7312 7312 7312 7312 7312 7312 7312 7312 7312 7312 7312 7312 7312 7312 7312 7312 7312 7312 7312 7312 7312 7312 7312 7312 7312 7312 7312 7312 7312 7312 7312 7312 7312 7312 7312 7312 7312 7312 7312 7312 7312 7312 7312 7312 7312 7312 7312 7312 7312 7312 7312 7312 7312 7312 7312 7312 7312 7312 7312 7312 7312 7312 7312 7312 7312 7312 7312 7312 7312 7312 7312 7312 7312 7312 7312 7312 7312 7312 7312 7312 7312 7312 7312 7312 7312 7312 7312 7312 7312 7312 7312 7312 7312 7312 7312 7312 7312 7312 7312 7312 7312 7312 7312 7312 7312 7312 7312 7312 7312 7312 7312 7312 7312 7312 7312 7312 7312 7312 7312 7312 7312 7312 7312 7312 7312 7312 7312 7312 7312 7312 7312 7312 7312 7312 7312 7312 7312 7312 7312 7312 7312 7312 7312 7312 7312 7312 7312 7312 7312 7312 7312 7312 7312 7312 7312 7312 7312 7312 7312 7312 7312 7312 7312 7312 7312 7312 7312 7312 7312 7312 7312 7312 7312 7312 7312 7312 7312 7312 7312 7312 7312 7312 7312 7312 7312 7312 7312 7312 7312 7312 7312 7312 7312 7312 7312 7312 bytes
       [Exif IFD0 - 0x011c] Planar Configuration = Chunky (contiguous for each subsampling pixel)
JAVA   [Exif IFD0 - 0x0153] Sample Format = Float
DOTNET [Exif IFD0 - 0x0153] Sample Format = 
       [Exif IFD0 - 0x830e] Pixel Scale = 0 0 0
       [Exif IFD0 - 0x8482] Model Tie Point = 0 0 0 -122.626 38 0
JAVA   [Exif IFD0 - 0x87af] GeoTIFF Geo Keys = 1 1 0 2 1024 0 1 2 2050 0 1 6267
       
       [GeoTIFF - 0x0400] Model Type = Geographic
       [GeoTIFF - 0x0802] Geodetic Datum = North American Datum 1927
       
       [File Type - 0x0001] Detected File Type Name = TIFF
       [File Type - 0x0002] Detected File Type Long Name = Tagged Image File Format
       [File Type - 0x0003] Detected MIME Type = image/tiff
       [File Type - 0x0004] Expected File Name Extension = tiff
       
       [File - 0x0001] File Name = ilatlon_float.tif
       [File - 0x0002] File Size = 13344638 bytes
       [File - 0x0003] File Modified Date = <omitted for regression testing as checkout dependent>
       
       - Exif IFD0
           - GeoTIFF
       - File Type
       - File
       
       Generated using metadata-extractor
       https://drewnoakes.com/code/exif/
       
