       FILE: o41078a3.tif
       TYPE: TIFF
       
       [Exif IFD0 - 0x00fe] New Subfile Type = Full-resolution image
       [Exif IFD0 - 0x0100] Image Width = 5011 pixels
       [Exif IFD0 - 0x0101] Image Height = 6776 pixels
       [Exif IFD0 - 0x0102] Bits Per Sample = 8 bits/component/pixel
       [Exif IFD0 - 0x0103] Compression = PackBits
       [Exif IFD0 - 0x0106] Photometric Interpretation = RGB Palette
       [Exif IFD0 - 0x0111] Strip Offsets = [6776 values]
       [Exif IFD0 - 0x0115] Samples Per Pixel = 1 samples/pixel
       [Exif IFD0 - 0x0116] Rows Per Strip = 1 rows/strip
       [Exif IFD0 - 0x0117] Strip Byte Counts = 80 80 80 80 80 80 80 80 80 80 80 80 80 80 80 80 80 80 80 82 83 84 83 82 83 83 83 83 87 89 91 90 91 91 89 94 94 94 92 91 93 92 91 95 100 102 99 100 98 100 99 94 94 100 98 102 95 101 95 99 95 93 97 101 99 102 96 93 95 98 98 92 93 91 93 94 103 121 131 138 136 146 176 187 196 207 205 196 207 238 250 239 253 263 298 307 315 331 329 351 338 331 353 312 301 295 288 287 271 261 254 258 229 230 227 226 210 184 176 174 166 149 162 149 116 124 95 96 102 95 105 116 123 148 155 152 171 177 183 177 178 189 202 221 225 225 249 263 267 295 314 333 357 329 301 306 268 268 288 262 241 231 206 216 203 189 161 164 147 135 136 138 132 104 104 119 123 139 148 160 171 193 200 206 227 259 322 345 335 321 352 394 403 389 400 375 386 412 400 386 373 367 345 334 328 312 303 303 300 301 296 287 252 225 197 206 184 151 117 102 97 102 113 132 126 123 124 126 140 153 145 143 171 180 182 189 203 230 262 291 285 333 340 343 341 363 386 430 469 469 491 470 484 484 463 461 429 414 391 372 357 354 362 336 327 285 278 273 268 265 286 280 268 247 270 270 234 237 228 246 266 285 332 342 343 358 368 397 384 387 411 412 406 422 475 452 452 470 473 501 549 570 597 593 584 602 613 610 637 667 647 646 688 670 679 599 569 600 626 573 549 561 531 517 480 459 477 489 498 477 479 512 536 526 490 548 559 561 560 551 550 540 553 563 527 528 515 535 562 590 588 610 597 628 657 685 700 669 694 661 685 720 702 711 664 654 669 654 640 659 701 672 643 647 629 623 642 639 651 631 659 660 646 645 675 703 726 733 743 766 737 721 709 763 716 690 663 663 656 684 695 671 660 656 668 641 647 671 680 658 657 653 665 690 676 707 689 683 667 646 621 663 647 667 659 643 606 609 583 585 585 605 591 593 635 613 629 572 613 592 593 603 611 592 594 625 613 619 591 599 557 576 566 549 577 564 558 597 613 603 609 615 622 609 614 624 622 637 629 622 620 625 633 634 604 592 622 651 632 629 656 669 650 608 656 637 629 599 599 600 614 634 619 618 629 609 629 635 682 666 665 671 691 682 630 685 701 703 704 684 651 635 613 608 619 643 629 597 607 619 652 693 694 669 646 647 676 663 666 662 652 680 669 675 673 670 642 656 681 674 637 648 665 687 670 670 681 636 657 683 656 661 649 670 691 681 702 705 721 702 681 682 676 658 716 709 705 653 687 718 717 693 703 714 698 691 692 712 733 720 754 768 760 755 752 762 780 800 834 818 811 815 857 877 884 793 845 818 809 816 803 808 813 844 867 876 916 872 851 840 825 853 929 950 933 940 946 903 917 943 940 961 958 970 956 933 917 943 920 904 964 963 940 944 920 952 980 977 945 940 993 970 977 945 982 969 959 963 979 995 991 1043 1042 1033 1034 1026 1025 1069 1107 1110 1098 1105 1093 1096 1062 1073 1068 1065 1033 1072 1107 1126 1115 1124 1143 1121 1169 1159 1228 1214 1202 1234 1289 1281 1271 1238 1214 1259 1278 1306 1252 1268 1235 1273 1261 1253 1264 1229 1277 1347 1332 1340 1322 1302 1303 1327 1381 1381 1365 1460 1425 1416 1430 1470 1416 1413 1400 1367 1339 1333 1389 1401 1372 1323 1297 1311 1382 1361 1323 1366 1364 1398 1340 1365 1348 1344 1374 1409 1406 1405 1426 1358 1343 1359 1362 1404 1407 1349 1404 1413 1403 1405 1363 1351 1362 1370 1384 1360 1310 1358 1406 1335 1271 1276 1365 1357 1353 1316 1350 1381 1335 1342 1338 1292 1281 1326 1379 1356 1358 1355 1312 1350 1346 1352 1304 1306 1267 1266 1218 1222 1241 1244 1270 1286 1274 1235 1277 1229 1303 1246 1249 1278 1260 1268 1306 1324 1268 1213 1240 1284 1310 1304 1284 1268 1255 1296 1302 1300 1315 1359 1351 1331 1342 1332 1275 1321 1283 1319 1328 1336 1375 1356 1350 1358 1381 1329 1360 1418 1369 1331 1314 1329 1303 1312 1353 1347 1358 1394 1384 1362 1344 1383 1379 1419 1382 1440 1356 1381 1379 1422 1376 1408 1375 1394 1434 1401 1378 1383 1417 1441 1424 1450 1478 1451 1453 1425 1447 1471 1453 1446 1493 1433 1494 1521 1524 1500 1485 1427 1424 1442 1411 1453 1392 1377 1406 1391 1349 1354 1358 1334 1303 1339 1386 1432 1432 1465 1459 1420 1398 1401 1413 1396 1427 1414 1441 1423 1444 1454 1494 1520 1448 1365 1413 1402 1473 1441 1452 1404 1364 1381 1355 1400 1406 1390 1436 1464 1468 1411 1434 1436 1441 1411 1428 1399 1416 1439 1470 1431 1452 1443 1445 1473 1479 1426 1475 1489 1538 1522 1524 1536 1516 1507 1455 1445 1508 1556 1478 1484 1484 1429 1455 1417 1398 1475 1480 1476 1397 1435 1465 1466 1468 1513 1480 1447 1471 1467 1411 1410 1487 1459 1440 1439 1452 1470 1466 1531 1520 1522 1537 1578 1582 1524 1523 1537 1525 1541 1531 1629 1615 1560 1572 1604 1618 1571 1588 1623 1608 1577 1540 1579 1542 1560 1562 1537 1505 1524 1595 1586 1570 1577 1559 1594 1579 1554 1572 1563 1628 1558 1655 1593 1655 1625 1606 1615 1588 1585 1630 1660 1597 1659 1585 1603 1571 1598 1589 1562 1519 1559 1667 1703 1718 1661 1723 1669 1665 1697 1650 1689 1682 1720 1691 1590 1594 1601 1590 1603 1602 1657 1691 1734 1593 1645 1605 1661 1585 1612 1581 1563 1565 1560 1553 1577 1533 1551 1537 1578 1577 1611 1585 1546 1553 1599 1607 1578 1636 1683 1646 1600 1564 1600 1577 1587 1556 1595 1581 1514 1560 1612 1692 1676 1684 1655 1582 1586 1554 1474 1547 1567 1505 1525 1566 1560 1575 1586 1511 1533 1511 1568 1504 1501 1481 1502 1550 1560 1584 1586 1597 1578 1610 1559 1598 1587 1555 1519 1516 1530 1528 1529 1524 1515 1547 1509 1493 1497 1505 1527 1471 1429 1482 1474 1508 1521 1558 1516 1538 1451 1471 1475 1498 1583 1566 1560 1538 1598 1532 1583 1559 1532 1567 1589 1581 1625 1675 1607 1587 1552 1568 1595 1659 1628 1585 1601 1533 1567 1624 1664 1669 1657 1667 1584 1570 1621 1664 1643 1635 1619 1590 1587 1576 1638 1557 1564 1623 1596 1570 1570 1597 1562 1633 1625 1555 1606 1567 1554 1479 1520 1466 1504 1493 1539 1571 1562 1530 1546 1529 1483 1524 1556 1555 1530 1556 1578 1582 1617 1606 1586 1580 1547 1549 1531 1536 1500 1584 1571 1606 1588 1560 1546 1618 1592 1629 1563 1489 1517 1547 1540 1535 1576 1608 1595 1565 1606 1657 1641 1600 1607 1599 1650 1618 1586 1646 1703 1725 1638 1751 1694 1769 1776 1773 1701 1664 1714 1708 1714 1735 1720 1762 1784 1681 1679 1720 1793 1771 1699 1716 1734 1682 1664 1698 1728 1714 1750 1718 1771 1787 1765 1700 1711 1756 1722 1744 1714 1743 1754 1707 1751 1722 1691 1761 1782 1738 1625 1635 1660 1657 1648 1697 1677 1702 1731 1658 1740 1719 1694 1711 1765 1711 1708 1706 1717 1761 1672 1617 1637 1651 1628 1719 1714 1696 1668 1707 1705 1696 1652 1673 1677 1684 1684 1675 1689 1727 1776 1810 1764 1734 1727 1752 1799 1732 1770 1761 1720 1721 1759 1701 1708 1708 1707 1654 1697 1647 1782 1760 1787 1783 1732 1739 1728 1757 1757 1768 1779 1771 1768 1794 1763 1786 1812 1840 1838 1806 1813 1784 1812 1816 1828 1831 1819 1851 1826 1829 1778 1817 1769 1757 1758 1781 1727 1711 1709 1847 1768 1685 1800 1827 1755 1729 1736 1695 1708 1754 1801 1748 1735 1699 1760 1744 1757 1730 1680 1668 1656 1671 1666 1658 1687 1658 1693 1731 1766 1739 1721 1749 1699 1700 1699 1682 1698 1756 1749 1754 1745 1677 1697 1717 1777 1738 1833 1796 1770 1810 1799 1680 1722 1803 1825 1800 1766 1811 1758 1758 1784 1820 1752 1726 1812 1853 1838 1807 1801 1797 1847 1763 1728 1812 1813 1789 1781 1787 1758 1713 1809 1847 1827 1795 1878 1814 1793 1858 1876 1881 1894 1936 1895 1859 1895 1890 1882 1918 1857 1824 1829 1815 1839 1814 1749 1813 1792 1802 1843 1847 1894 1862 1825 1793 1813 1787 1859 1806 1753 1790 1807 1766 1778 1854 1804 1816 1840 1819 1877 1858 1862 1876 1855 1866 1883 1900 1876 1882 1846 1814 1825 1888 1896 1912 1890 1927 1931 1879 1871 1847 1846 1841 1860 1866 1872 1939 1962 1885 2001 2017 2016 2017 1988 1942 1933 1925 1883 1856 1930 1891 1897 1942 1960 1944 1901 1924 1866 1906 1934 1860 1869 1845 1971 1909 1866 1911 1924 1862 1870 1871 1843 1810 1897 1931 1880 1851 1810 1828 1848 1873 1826 1832 1822 1842 1829 1922 1871 1830 1807 1835 1823 1772 1783 1757 1755 1777 1764 1769 1867 1872 1835 1789 1746 1806 1733 1695 1758 1703 1723 1746 1727 1780 1826 1847 1794 1800 1767 1785 1734 1673 1653 1658 1733 1705 1746 1733 1807 1843 1779 1812 1789 1723 1714 1708 1679 1694 1678 1718 1692 1691 1623 1626 1666 1660 1636 1644 1611 1604 1633 1675 1662 1719 1689 1624 1654 1709 1680 1653 1700 1711 1714 1644 1675 1725 1708 1666 1675 1620 1645 1657 1611 1668 1658 1613 1622 1626 1569 1606 1605 1592 1547 1534 1515 1547 1538 1562 1529 1545 1564 1550 1604 1570 1551 1536 1452 1499 1525 1552 1518 1552 1494 1512 1535 1494 1520 1467 1449 1499 1537 1558 1556 1490 1466 1487 1473 1496 1491 1541 1526 1540 1559 1557 1592 1520 1490 1532 1481 1491 1520 1479 1496 1512 1525 1484 1521 1532 1448 1500 1506 1411 1463 1502 1476 1518 1514 1537 1541 1501 1474 1520 1560 1572 1560 1496 1529 1513 1541 1657 1673 1631 1548 1576 1640 1612 1574 1549 1525 1508 1510 1548 1516 1535 1514 1447 1465 1462 1457 1426 1410 1407 1424 1464 1420 1467 1452 1458 1464 1386 1400 1380 1362 1363 1334 1377 1425 1378 1374 1380 1374 1386 1380 1448 1419 1410 1421 1418 1457 1406 1430 1442 1483 1408 1397 1387 1351 1389 1360 1354 1364 1300 1343 1400 1388 1457 1460 1472 1474 1452 1444 1419 1431 1427 1426 1458 1422 1388 1482 1506 1555 1460 1497 1592 1568 1568 1577 1559 1527 1528 1522 1563 1576 1517 1496 1543 1558 1534 1489 1571 1518 1482 1480 1462 1497 1514 1511 1527 1526 1494 1486 1473 1478 1484 1458 1411 1463 1421 1454 1538 1539 1585 1492 1526 1540 1575 1500 1517 1476 1499 1520 1518 1521 1448 1445 1465 1525 1467 1419 1471 1436 1444 1417 1414 1427 1438 1490 1502 1467 1498 1517 1524 1510 1549 1533 1532 1545 1570 1550 1531 1533 1558 1601 1541 1528 1529 1598 1623 1599 1609 1591 1594 1589 1602 1578 1567 1521 1539 1579 1508 1540 1495 1547 1533 1536 1548 1549 1553 1597 1601 1561 1570 1643 1648 1645 1611 1637 1615 1620 1666 1695 1639 1649 1719 1678 1694 1650 1664 1641 1678 1647 1642 1673 1712 1787 1736 1730 1731 1778 1765 1738 1676 1704 1694 1690 1750 1790 1796 1773 1684 1696 1680 1720 1713 1790 1758 1799 1787 1782 1783 1733 1762 1745 1772 1783 1761 1706 1745 1727 1757 1762 1767 1765 1801 1714 1672 1679 1673 1686 1736 1706 1737 1763 1681 1704 1692 1748 1733 1752 1817 1792 1755 1734 1699 1763 1687 1629 1679 1562 1574 1636 1612 1576 1580 1622 1618 1713 1675 1683 1659 1671 1646 1620 1680 1665 1656 1602 1594 1618 1573 1563 1593 1614 1536 1577 1611 1698 1631 1608 1600 1596 1595 1608 1602 1641 1650 1631 1647 1631 1680 1662 1692 1666 1662 1668 1641 1679 1679 1688 1689 1655 1641 1704 1652 1711 1761 1697 1666 1739 1711 1727 1680 1678 1682 1736 1726 1767 1770 1742 1705 1699 1668 1622 1735 1713 1684 1650 1636 1683 1640 1636 1635 1708 1719 1659 1664 1671 1671 1708 1690 1651 1673 1680 1662 1623 1641 1683 1653 1642 1696 1710 1784 1741 1668 1630 1674 1716 1742 1667 1668 1708 1695 1777 1744 1752 1738 1763 1716 1662 1696 1678 1710 1749 1770 1772 1721 1818 1855 1791 1745 1768 1844 1843 1817 1862 1852 1794 1872 1848 1899 1932 1893 1820 1805 1841 1805 1761 1799 1802 1807 1811 1805 1775 1741 1835 1820 1874 1820 1844 1797 1749 1726 1768 1708 1711 1698 1642 1681 1722 1738 1663 1660 1579 1601 1658 1695 1704 1722 1673 1637 1650 1603 1676 1683 1617 1630 1538 1636 1634 1611 1595 1613 1633 1661 1662 1591 1575 1557 1540 1625 1587 1604 1648 1633 1515 1581 1592 1567 1626 1640 1643 1646 1573 1573 1556 1466 1472 1513 1583 1593 1570 1563 1518 1509 1547 1532 1547 1520 1540 1512 1515 1577 1570 1624 1573 1577 1555 1555 1520 1529 1595 1598 1617 1663 1623 1638 1629 1678 1739 1749 1735 1720 1732 1692 1724 1756 1774 1746 1750 1696 1709 1715 1752 1729 1790 1836 1789 1726 1763 1758 1735 1778 1764 1770 1721 1756 1706 1729 1705 1723 1735 1749 1810 1830 1866 1815 1803 1816 1805 1817 1811 1850 1855 1818 1792 1864 1843 1873 1883 1862 1851 1770 1799 1761 1782 1846 1830 1895 1888 1852 1880 1822 1872 1854 1918 1919 1845 1804 1816 1823 1788 1859 1875 1849 1887 1857 1838 1758 1822 1797 1847 1818 1868 1910 1853 1845 1844 1810 1871 1914 1922 1935 1950 1977 2000 1941 1928 1886 1882 1870 1880 1942 1895 1887 1913 1851 1879 1820 1855 1818 1863 1737 1825 1811 1851 1897 1875 1803 1870 1884 1876 1853 1833 1821 1841 1796 1826 1852 1821 1844 1796 1801 1717 1762 1801 1792 1812 1824 1799 1687 1690 1742 1728 1756 1731 1757 1743 1803 1827 1814 1853 1807 1769 1862 1880 1901 1924 1857 1815 1788 1787 1864 1847 1866 1859 1840 1795 1772 1759 1775 1748 1732 1763 1826 1743 1774 1750 1691 1693 1696 1717 1681 1649 1687 1737 1700 1682 1718 1723 1751 1746 1734 1683 1718 1720 1688 1753 1722 1726 1716 1743 1648 1677 1682 1642 1710 1714 1700 1675 1679 1623 1610 1643 1659 1684 1740 1735 1648 1675 1681 1691 1686 1632 1672 1681 1639 1696 1741 1698 1697 1674 1696 1713 1783 1711 1724 1750 1711 1748 1735 1731 1711 1666 1717 1703 1710 1660 1662 1693 1698 1688 1716 1718 1747 1691 1719 1677 1669 1706 1676 1694 1738 1683 1668 1695 1663 1639 1655 1729 1697 1651 1637 1636 1601 1641 1585 1661 1706 1683 1736 1700 1654 1650 1625 1599 1599 1609 1602 1507 1517 1543 1503 1469 1537 1544 1613 1595 1592 1590 1524 1504 1497 1555 1592 1507 1516 1475 1532 1520 1426 1438 1433 1374 1380 1409 1397 1375 1378 1386 1446 1448 1412 1433 1455 1476 1439 1439 1454 1455 1472 1515 1439 1402 1482 1464 1430 1403 1407 1420 1420 1428 1434 1443 1424 1484 1542 1500 1484 1505 1508 1452 1537 1572 1512 1529 1542 1478 1458 1428 1469 1502 1475 1456 1535 1503 1511 1522 1508 1442 1468 1536 1549 1446 1479 1537 1637 1601 1577 1499 1510 1532 1544 1538 1519 1525 1542 1517 1487 1490 1531 1567 1557 1542 1529 1562 1576 1523 1502 1514 1540 1571 1564 1505 1494 1460 1452 1511 1524 1490 1510 1539 1493 1472 1474 1506 1496 1457 1465 1470 1451 1487 1505 1453 1415 1397 1401 1355 1357 1365 1341 1341 1345 1309 1376 1353 1337 1366 1338 1351 1367 1332 1300 1382 1379 1364 1372 1353 1381 1363 1358 1388 1394 1345 1379 1387 1418 1411 1389 1379 1366 1396 1442 1406 1444 1440 1397 1426 1368 1386 1378 1381 1453 1515 1459 1389 1400 1363 1372 1383 1372 1409 1472 1445 1406 1390 1353 1386 1413 1407 1415 1414 1454 1529 1428 1412 1457 1423 1409 1444 1451 1457 1488 1442 1433 1485 1463 1475 1461 1437 1430 1414 1364 1387 1408 1374 1409 1366 1380 1390 1392 1410 1431 1419 1431 1441 1428 1493 1430 1478 1508 1501 1471 1427 1482 1461 1483 1495 1514 1423 1458 1516 1459 1491 1437 1479 1441 1435 1504 1494 1525 1545 1505 1486 1489 1417 1485 1529 1514 1479 1500 1477 1479 1501 1526 1528 1529 1532 1518 1506 1514 1553 1513 1506 1496 1502 1466 1467 1429 1456 1450 1415 1448 1448 1500 1467 1438 1405 1414 1397 1458 1460 1506 1497 1499 1492 1458 1465 1463 1449 1417 1475 1488 1480 1486 1493 1473 1463 1455 1432 1427 1435 1441 1365 1379 1439 1400 1395 1407 1473 1427 1390 1392 1421 1427 1445 1450 1371 1418 1413 1425 1447 1415 1405 1460 1409 1398 1367 1352 1378 1406 1412 1407 1412 1419 1425 1443 1467 1465 1464 1463 1466 1446 1425 1418 1414 1416 1425 1445 1433 1405 1394 1412 1402 1425 1419 1406 1417 1376 1317 1332 1347 1346 1387 1416 1462 1372 1344 1340 1339 1349 1371 1382 1389 1369 1354 1327 1323 1365 1378 1404 1451 1434 1428 1412 1463 1435 1410 1432 1409 1402 1457 1406 1385 1405 1418 1416 1450 1410 1374 1415 1417 1338 1377 1338 1374 1361 1369 1399 1368 1366 1388 1381 1332 1399 1396 1358 1345 1332 1353 1326 1301 1328 1302 1356 1362 1376 1334 1334 1346 1333 1353 1320 1320 1344 1373 1344 1328 1345 1327 1316 1329 1326 1335 1312 1289 1326 1318 1305 1260 1273 1256 1304 1275 1310 1311 1310 1314 1331 1375 1360 1373 1336 1369 1353 1394 1388 1411 1397 1401 1381 1361 1353 1400 1404 1410 1463 1368 1346 1391 1443 1497 1415 1405 1404 1408 1402 1393 1393 1380 1360 1370 1377 1391 1377 1391 1391 1407 1397 1409 1436 1431 1458 1394 1361 1374 1391 1389 1401 1379 1401 1430 1420 1412 1439 1401 1383 1351 1348 1357 1396 1356 1378 1372 1407 1380 1398 1389 1381 1402 1415 1393 1409 1419 1406 1431 1433 1439 1423 1430 1411 1404 1423 1456 1464 1496 1499 1490 1460 1451 1433 1432 1419 1428 1391 1395 1454 1444 1414 1381 1406 1447 1410 1431 1400 1436 1402 1451 1455 1442 1416 1412 1388 1403 1378 1400 1408 1378 1373 1347 1412 1408 1356 1394 1400 1384 1394 1354 1411 1420 1413 1407 1405 1418 1432 1418 1413 1478 1429 1426 1466 1447 1425 1417 1407 1456 1476 1455 1461 1438 1459 1438 1494 1431 1475 1479 1446 1472 1489 1463 1477 1481 1441 1456 1447 1438 1444 1441 1424 1449 1443 1410 1489 1474 1483 1446 1435 1466 1482 1473 1484 1482 1486 1532 1497 1518 1539 1503 1489 1490 1493 1438 1448 1436 1456 1457 1498 1503 1460 1386 1416 1470 1466 1479 1485 1474 1476 1471 1436 1475 1455 1479 1439 1482 1491 1461 1492 1462 1437 1466 1468 1522 1524 1531 1558 1549 1536 1561 1551 1551 1575 1595 1590 1539 1553 1556 1544 1579 1607 1585 1565 1558 1564 1584 1556 1546 1538 1597 1566 1549 1572 1569 1571 1600 1576 1548 1605 1597 1628 1601 1635 1619 1605 1664 1593 1660 1633 1625 1603 1594 1605 1624 1640 1587 1592 1598 1600 1628 1638 1621 1637 1657 1665 1630 1586 1631 1599 1626 1614 1601 1660 1688 1688 1680 1702 1719 1739 1724 1672 1695 1666 1668 1720 1710 1733 1758 1760 1749 1740 1712 1728 1705 1705 1673 1654 1688 1643 1653 1686 1657 1670 1648 1650 1572 1596 1565 1575 1596 1640 1685 1656 1656 1647 1629 1646 1582 1600 1581 1577 1584 1592 1627 1622 1604 1668 1618 1559 1688 1616 1625 1640 1662 1683 1665 1653 1651 1647 1665 1602 1602 1621 1607 1620 1602 1637 1566 1589 1599 1583 1596 1601 1589 1559 1539 1540 1528 1567 1583 1535 1526 1530 1557 1571 1599 1605 1561 1514 1567 1526 1572 1529 1500 1517 1519 1504 1569 1609 1570 1552 1525 1565 1589 1550 1483 1552 1521 1522 1520 1524 1496 1546 1505 1517 1529 1560 1555 1582 1541 1545 1508 1513 1473 1496 1572 1541 1505 1500 1485 1469 1451 1493 1515 1525 1591 1565 1545 1528 1554 1542 1534 1577 1622 1623 1533 1529 1500 1523 1536 1530 1555 1548 1518 1549 1537 1518 1476 1467 1479 1512 1508 1559 1520 1552 1553 1558 1574 1533 1532 1567 1600 1598 1591 1543 1510 1507 1498 1539 1474 1496 1458 1420 1416 1426 1408 1373 1384 1381 1415 1449 1441 1444 1468 1413 1382 1414 1426 1404 1428 1428 1407 1451 1432 1389 1466 1445 1415 1419 1408 1368 1408 1414 1387 1435 1441 1424 1413 1417 1416 1384 1396 1396 1409 1424 1381 1375 1360 1351 1345 1348 1383 1365 1348 1336 1285 1293 1290 1285 1325 1303 1342 1317 1309 1333 1340 1341 1354 1391 1377 1377 1379 1359 1342 1352 1299 1357 1328 1324 1317 1380 1345 1357 1305 1330 1331 1338 1385 1371 1354 1353 1376 1405 1356 1315 1370 1408 1337 1330 1319 1248 1304 1275 1293 1289 1287 1275 1282 1348 1363 1351 1324 1387 1382 1404 1385 1386 1316 1371 1348 1380 1378 1377 1380 1320 1297 1340 1312 1247 1270 1329 1289 1349 1322 1352 1338 1312 1326 1327 1341 1365 1346 1384 1375 1323 1340 1353 1327 1302 1304 1397 1413 1401 1371 1289 1325 1304 1300 1340 1361 1393 1444 1401 1379 1376 1363 1391 1379 1376 1463 1422 1366 1383 1381 1399 1387 1368 1375 1396 1374 1448 1428 1425 1425 1429 1397 1377 1381 1359 1365 1358 1398 1401 1401 1403 1427 1421 1414 1400 1429 1411 1420 1423 1496 1447 1532 1475 1495 1444 1463 1471 1448 1467 1465 1490 1506 1506 1461 1454 1445 1479 1462 1474 1510 1532 1514 1551 1538 1541 1578 1600 1535 1554 1585 1588 1543 1555 1543 1547 1516 1566 1523 1488 1485 1519 1490 1474 1489 1516 1475 1522 1487 1466 1507 1524 1511 1482 1504 1523 1475 1518 1529 1538 1554 1480 1472 1435 1480 1524 1476 1478 1429 1499 1496 1501 1504 1480 1440 1458 1436 1404 1414 1414 1402 1436 1401 1394 1395 1400 1414 1389 1419 1397 1365 1378 1356 1393 1390 1402 1456 1458 1445 1409 1380 1396 1441 1401 1400 1400 1427 1481 1425 1428 1382 1396 1355 1363 1409 1404 1353 1371 1406 1383 1367 1355 1367 1396 1341 1312 1353 1346 1344 1380 1373 1357 1381 1336 1376 1333 1313 1287 1365 1386 1429 1475 1481 1471 1458 1432 1441 1426 1434 1417 1435 1374 1392 1382 1357 1369 1338 1384 1412 1381 1314 1305 1302 1316 1345 1334 1386 1375 1430 1406 1459 1430 1355 1386 1377 1369 1336 1349 1346 1340 1347 1339 1279 1252 1214 1292 1283 1334 1329 1328 1329 1312 1310 1297 1278 1306 1292 1257 1262 1263 1242 1231 1225 1239 1212 1231 1213 1219 1227 1212 1238 1254 1232 1188 1226 1208 1250 1196 1245 1261 1231 1230 1185 1170 1179 1181 1214 1169 1151 1183 1199 1196 1176 1143 1187 1222 1204 1208 1182 1193 1228 1244 1194 1191 1209 1191 1194 1192 1211 1185 1183 1176 1151 1185 1183 1156 1172 1125 1147 1138 1163 1144 1103 1098 1134 1201 1156 1133 1162 1198 1251 1165 1179 1234 1166 1172 1176 1194 1163 1178 1207 1208 1234 1243 1246 1216 1165 1217 1241 1231 1281 1316 1267 1214 1179 1197 1198 1252 1230 1257 1273 1256 1263 1241 1257 1222 1309 1278 1288 1317 1271 1284 1282 1290 1293 1323 1328 1336 1290 1304 1310 1286 1292 1285 1317 1269 1270 1236 1271 1235 1250 1275 1267 1240 1249 1292 1276 1234 1281 1289 1270 1237 1262 1260 1209 1225 1271 1258 1268 1274 1269 1335 1338 1310 1301 1305 1296 1303 1319 1284 1266 1237 1242 1265 1258 1251 1231 1227 1276 1258 1160 1154 1173 1194 1192 1200 1185 1163 1215 1248 1216 1252 1222 1285 1229 1215 1229 1217 1233 1222 1123 1150 1153 1216 1227 1183 1198 1222 1227 1204 1179 1164 1177 1223 1168 1135 1161 1200 1248 1174 1210 1179 1175 1215 1199 1210 1174 1162 1202 1200 1168 1201 1240 1278 1275 1229 1235 1257 1243 1230 1242 1315 1337 1350 1313 1279 1297 1340 1288 1215 1203 1246 1247 1261 1199 1193 1210 1280 1261 1276 1254 1227 1226 1223 1241 1252 1198 1231 1235 1223 1300 1272 1259 1256 1286 1305 1272 1242 1276 1265 1253 1250 1336 1326 1325 1320 1286 1320 1292 1323 1289 1289 1264 1312 1244 1269 1277 1297 1285 1324 1337 1379 1350 1303 1353 1398 1436 1381 1361 1349 1448 1471 1438 1400 1430 1425 1400 1382 1419 1387 1385 1391 1423 1368 1408 1332 1328 1388 1374 1413 1405 1375 1356 1329 1290 1322 1347 1334 1344 1392 1383 1405 1365 1384 1390 1387 1397 1394 1423 1418 1382 1425 1400 1405 1427 1423 1394 1350 1371 1378 1403 1374 1382 1401 1423 1460 1382 1364 1385 1364 1361 1316 1340 1331 1336 1313 1286 1269 1218 1211 1252 1242 1255 1248 1240 1214 1213 1213 1184 1190 1172 1173 1191 1172 1195 1199 1211 1259 1208 1200 1171 1164 1170 1194 1210 1219 1212 1170 1195 1160 1135 1180 1207 1216 1153 1192 1199 1168 1169 1155 1144 1131 1177 1201 1216 1211 1174 1185 1180 1176 1154 1154 1172 1189 1188 1206 1181 1198 1237 1224 1214 1196 1219 1205 1180 1173 1160 1234 1247 1235 1166 1175 1169 1151 1177 1201 1232 1237 1245 1187 1175 1173 1153 1161 1193 1171 1156 1131 1163 1131 1126 1138 1124 1132 1155 1166 1195 1196 1199 1167 1112 1138 1137 1193 1185 1208 1168 1178 1184 1177 1201 1123 1186 1227 1192 1172 1159 1110 1144 1135 1158 1112 1139 1151 1174 1205 1113 1171 1168 1178 1152 1133 1142 1065 1080 1073 1111 1180 1214 1159 1124 1155 1170 1153 1133 1173 1130 1182 1181 1152 1136 1151 1123 1125 1109 1148 1165 1228 1165 1144 1150 1162 1142 1164 1148 1178 1134 1152 1149 1188 1240 1224 1219 1243 1238 1237 1205 1189 1204 1244 1258 1261 1226 1296 1250 1239 1241 1268 1203 1221 1219 1165 1210 1200 1229 1231 1235 1225 1203 1215 1208 1242 1195 1172 1189 1185 1199 1181 1181 1183 1216 1201 1180 1155 1170 1163 1148 1207 1231 1222 1225 1227 1221 1238 1236 1294 1217 1257 1267 1230 1252 1220 1253 1226 1229 1290 1279 1265 1278 1281 1272 1233 1233 1225 1224 1288 1287 1307 1283 1256 1211 1217 1262 1263 1256 1241 1236 1267 1257 1256 1226 1313 1288 1276 1330 1302 1243 1262 1274 1251 1264 1242 1227 1167 1202 1209 1204 1168 1160 1118 1185 1188 1191 1187 1180 1182 1179 1155 1194 1170 1230 1220 1231 1190 1179 1184 1188 1236 1199 1188 1207 1214 1193 1162 1151 1177 1141 1145 1079 1099 1081 1084 1137 1132 1115 1141 1123 1146 1158 1099 1116 1155 1173 1096 1106 1088 1143 1149 1135 1100 1121 1161 1152 1138 1163 1103 1137 1146 1168 1146 1143 1173 1193 1135 1158 1192 1186 1201 1247 1246 1184 1200 1226 1230 1213 1221 1219 1207 1171 1143 1138 1100 1125 1106 1088 1109 1088 1089 1116 1123 1122 1081 1170 1162 1184 1158 1185 1123 1132 1106 1187 1205 1247 1135 1147 1115 1097 1107 1103 1188 1173 1154 1137 1195 1200 1192 1201 1198 1176 1167 1181 1153 1155 1173 1149 1157 1182 1180 1227 1202 1192 1245 1240 1240 1209 1161 1200 1250 1223 1194 1256 1186 1191 1205 1218 1216 1217 1215 1255 1272 1269 1219 1152 1221 1259 1248 1235 1253 1281 1307 1239 1210 1255 1281 1261 1293 1285 1256 1280 1231 1214 1176 1168 1203 1191 1240 1217 1181 1137 1190 1173 1128 1155 1153 1128 1155 1145 1095 1133 1064 1094 1141 1138 1083 1140 1216 1253 1233 1218 1185 1193 1194 1140 1201 1230 1167 1217 1207 1187 1188 1166 1189 1161 1173 1159 1192 1194 1245 1185 1196 1199 1168 1186 1227 1215 1143 1177 1248 1203 1233 1213 1213 1242 1235 1157 1196 1183 1182 1120 1078 1089 1109 1143 1136 1130 1134 1151 1134 1168 1163 1181 1161 1182 1156 1134 1126 1146 1137 1092 1004 1015 1034 1021 1027 1008 1058 1017 1055 1089 1067 1034 1047 1074 1071 1056 1071 1084 1080 1074 1016 1012 1016 1004 994 997 1026 993 1027 996 994 985 979 965 963 996 971 972 937 927 947 947 952 901 897 886 902 927 951 956 945 946 936 946 914 888 879 908 930 935 943 960 945 949 930 920 896 914 916 906 897 852 893 909 978 950 980 946 950 941 919 925 910 893 845 853 821 847 879 838 856 850 806 812 822 785 792 823 839 812 823 804 807 835 842 805 833 790 862 880 846 844 955 914 893 857 883 795 803 795 802 836 825 902 837 774 831 932 853 751 766 770 781 784 817 870 881 885 876 916 911 910 891 866 870 847 840 820 832 842 876 848 789 872 885 925 891 889 902 915 861 860 916 933 910 888 925 926 959 964 973 1022 973 978 963 1018 1028 964 1000 997 1032 992 995 997 1007 1013 1020 1036 1023 1002 999 1013 962 993 957 960 983 1012 1051 1092 1077 1128 1124 1126 1156 1181 1145 1163 1151 1173 1163 1198 1175 1102 1103 1071 1069 1122 1101 1032 1068 1106 1099 1083 1074 1092 1101 1162 1158 1181 1173 1200 1197 1213 1149 1183 1137 1152 1173 1184 1127 1163 1173 1113 1141 1115 1159 1146 1138 1070 1104 1124 1117 1121 1078 1131 1161 1137 1122 1104 1151 1118 1130 1090 1068 1043 1064 1064 1055 1067 1104 1090 1100 1064 1047 1047 1041 1053 1051 1113 1104 1101 1070 1136 1101 1080 1079 1076 1093 1110 1121 1136 1112 1133 1120 1112 1127 1063 1078 1072 1090 1102 1096 1078 1084 1063 1120 1089 1151 1194 1131 1094 1076 1059 1059 1084 1165 1127 1124 1187 1137 1124 1171 1097 1047 1075 1036 1039 1055 1037 1060 1114 1122 1082 1098 1072 1057 1063 1005 1066 1080 1077 1061 1052 1030 1042 1029 1040 1047 964 962 963 964 955 947 968 965 995 1007 1004 1006 1067 1043 1042 1038 1008 990 1042 986 1065 1044 1026 1044 1035 1052 1033 1013 1015 996 1007 999 1082 1067 1066 1020 1029 1091 1032 1064 1104 1058 1018 962 1021 1007 984 983 1009 1000 1003 1062 1076 1048 1113 1092 1096 1133 1114 1131 1124 1102 1123 1067 1084 1074 1064 1107 1037 1049 1019 1058 1036 1032 1037 976 978 1038 992 1017 1001 1014 1035 1014 1047 1049 1082 1014 1050 1054 1072 1054 1036 1087 1043 1079 1107 1124 1109 1040 1050 1086 1096 1057 1069 1070 1058 1083 1093 1119 1058 1036 1051 1071 1072 1074 1050 1055 1108 1121 1151 1141 1201 1130 1170 1063 1033 1056 1064 1000 1058 1077 1043 1007 1118 1211 1120 1130 1123 1094 1194 1200 1171 1141 1141 1113 1083 1119 1098 1075 1066 1075 1088 1067 1118 1115 1158 1085 1071 1155 1188 1239 1236 1239 1254 1301 1352 1344 1315 1351 1389 1382 1354 1376 1430 1386 1330 1321 1383 1384 1394 1421 1384 1468 1382 1475 1417 1441 1425 1434 1439 1407 1390 1386 1429 1412 1388 1412 1410 1434 1430 1413 1429 1306 1321 1342 1313 1345 1368 1388 1312 1311 1273 1281 1327 1261 1246 1244 1259 1250 1231 1169 1153 1188 1200 1224 1236 1231 1251 1246 1267 1271 1261 1297 1254 1233 1215 1186 1233 1250 1218 1251 1298 1336 1313 1300 1256 1235 1303 1258 1279 1239 1272 1250 1193 1155 1146 1141 1167 1201 1217 1205 1216 1249 1242 1240 1241 1255 1198 1214 1222 1204 1216 1223 1158 1178 1192 1286 1205 1238 1241 1253 1250 1243 1226 1225 1266 1227 1304 1244 1234 1245 1208 1207 1214 1253 1238 1248 1235 1203 1248 1221 1176 1185 1186 1159 1157 1187 1180 1158 1224 1171 1212 1182 1216 1219 1168 1168 1213 1146 1138 1130 1196 1197 1229 1216 1162 1189 1131 1195 1164 1170 1145 1168 1116 1188 1229 1192 1221 1163 1161 1194 1197 1195 1201 1240 1168 1211 1162 1126 1138 1091 1116 1101 1190 1178 1269 1247 1217 1211 1157 1189 1175 1179 1156 1178 1164 1149 1127 1151 1161 1210 1215 1214 1232 1242 1215 1196 1217 1231 1229 1219 1205 1229 1237 1212 1177 1185 1195 1131 1155 1155 1118 1128 1146 1131 1221 1169 1190 1194 1147 1135 1172 1180 1149 1171 1220 1212 1154 1175 1151 1143 1152 1184 1167 1139 1102 1136 1123 1081 1080 1111 1113 1164 1149 1120 1115 1134 1169 1194 1176 1185 1158 1139 1137 1135 1161 1160 1178 1133 1163 1145 1156 1095 1129 1138 1088 1134 1107 1118 1114 1122 1108 1051 1051 1057 1077 1081 1114 1100 1134 1092 1144 1130 1120 1087 1136 1141 1081 1141 1119 1103 1121 1099 1129 1103 1127 1132 1093 1148 1128 1109 1116 1136 1145 1122 1113 1138 1059 1105 1076 1148 1133 1156 1120 1095 1133 1118 1153 1169 1142 1129 1091 1078 1082 1020 996 988 997 1023 992 1022 1024 1021 1051 1042 1056 1072 1047 1051 1061 1132 1133 1147 1155 1164 1188 1265 1206 1167 1152 1165 1179 1237 1203 1256 1253 1211 1122 1095 1029 1081 1111 1120 1103 1137 1134 1065 1032 1052 1051 1080 1097 1111 1065 1114 1096 1113 1156 1126 1190 1146 1134 1109 1146 1130 1060 1009 1038 1074 1119 1103 1130 1158 1155 1165 1153 1121 1062 1098 1115 1190 1197 1139 1164 1188 1149 1173 1150 1159 1151 1219 1199 1182 1215 1188 1192 1281 1330 1281 1291 1269 1211 1237 1233 1171 1173 1165 1169 1137 1151 1111 1151 1112 1138 1179 1180 1153 1142 1190 1178 1171 1172 1110 1123 1120 1152 1218 1216 1181 1173 1172 1149 1161 1198 1187 1129 1111 1137 1179 1184 1145 1143 1181 1151 1183 1125 1131 1085 1147 1177 1132 1123 1100 1148 1174 1143 1154 1173 1150 1183 1141 1196 1173 1203 1187 1151 1118 1078 1110 1153 1122 1149 1136 1165 1133 1088 1110 1120 1122 1118 1172 1123 1104 1125 1119 1087 1095 1076 1106 1077 1047 1069 1084 1120 1091 1070 1118 1144 1081 1104 1080 1063 1030 1034 1052 1049 991 1025 1045 993 1040 1065 1126 1182 1184 1223 1197 1196 1254 1241 1232 1165 1178 1176 1129 1122 1138 1191 1200 1217 1155 1167 1131 1097 1097 1025 1013 999 968 980 903 897 913 837 805 824 824 805 826 854 827 755 733 750 722 743 745 722 709 741 798 824 826 866 803 770 773 744 760 793 767 748 685 710 753 643 626 619 563 602 642 620 619 643 670 689 681 641 629 597 556 581 535 549 518 487 516 544 583 553 526 476 455 439 453 457 428 410 413 417 419 436 420 407 352 331 327 318 346 333 337 380 425 459 490 508 515 527 563 572 557 549 560 541 543 507 474 500 514 473 442 436 446 452 458 472 471 471 474 492 466 464 403 385 356 336 297 263 227 187 169 173 195 229 233 285 320 372 347 339 365 396 424 437 406 423 393 418 444 471 480 535 521 521 510 510 530 491 489 549 535 468 463 468 469 415 412 429 381 407 422 438 445 433 471 449 469 441 492 483 456 442 449 429 408 406 456 423 382 379 409 426 395 405 409 423 402 380 408 413 381 377 373 362 346 344 351 336 339 357 376 306 291 294 337 401 461 513 495 454 489 468 430 437 473 438 451 489 440 376 350 320 313 258 284 251 258 216 235 238 247 244 222 223 206 181 179 209 216 262 251 233 268 289 313 319 331 383 450 463 464 400 428 414 458 490 503 505 516 492 516 494 491 466 480 451 441 435 433 443 425 474 481 474 478 444 418 403 397 408 431 425 423 396 388 380 357 399 369 384 355 401 413 456 455 416 417 395 392 393 354 329 312 280 296 260 257 216 190 175 166 154 140 145 154 170 189 227 249 246 275 337 361 406 426 455 466 487 522 526 503 479 518 517 516 481 460 484 477 469 500 451 398 365 354 322 305 273 242 225 237 238 266 270 290 281 283 310 315 297 300 298 298 291 294 290 276 285 274 299 280 274 280 289 289 276 283 287 270 255 234 238 222 226 239 254 238 259 278 277 315 306 345 376 421 383 378 413 401 412 438 447 444 433 397 389 371 353 348 356 349 350 351 333 321 308 323 343 344 331 326 326 334 347 337 348 287 278 279 261 265 267 253 282 276 279 281 304 352 391 421 427 421 417 400 412 405 422 408 391 390 402 404 394 359 352 371 367 368 328 323 292 307 294 282 279 291 293 302 317 343 362 353 359 374 400 429 440 458 452 482 501 488 485 462 492 481 483 511 495 524 573 607 615 688 725 767 774 831 854 927 921 906 923 925 905 884 865 828 774 714 696 617 627 571 480 486 516 450 478 462 488 506 509 541 576 609 638 662 696 758 726 777 868 853 874 854 832 835 818 782 822 726 708 675 673 651 634 605 600 557 494 508 508 490 471 471 405 379 408 438 474 517 576 650 665 713 689 766 791 851 864 924 974 958 949 962 922 835 834 818 789 766 718 682 633 599 576 562 523 472 432 412 416 454 470 465 432 445 446 487 475 543 536 573 618 664 687 706 672 677 650 639 657 634 661 616 572 535 455 416 380 355 306 276 220 184 162 142 134 125 120 105 89 92 103 112 127 139 149 162 169 177 183 201 208 230 235 254 263 252 255 235 223 194 195 176 175 164 146 122 131 116 102 86 80 80 80 80 80 80 80 80 80 80 80 80 80 80 80 80 80 80 80 80 80 80 80 80 80 80 80 80 80 80 80 80 80 80 80 80 80 80 80 80 80 80 80 80 80 80 80 80 80 80 80 80 80 80 80 80 80 80 80 80 80 80 80 80 80 80 80 80 80 80 80 80 80 80 80 80 80 80 80 80 80 80 80 80 80 80 80 80 80 80 80 80 80 80 80 80 80 80 80 80 80 80 80 80 80 80 80 80 80 80 80 80 80 bytes
       [Exif IFD0 - 0x011a] X Resolution = 72 dots per inch
       [Exif IFD0 - 0x011b] Y Resolution = 72 dots per inch
       [Exif IFD0 - 0x011c] Planar Configuration = Chunky (contiguous for each subsampling pixel)
       [Exif IFD0 - 0x0128] Resolution Unit = Inch
JAVA   [Exif IFD0 - 0x0140] Color Map = [768 values]
DOTNET [Exif IFD0 - 0x0140] Unknown tag (0x0140) = [768 values]
       [Exif IFD0 - 0x830e] Pixel Scale = 2.438 2.438 0
       [Exif IFD0 - 0x8482] Model Tie Point = 0 0 0 719741.284 4556694.152 0
JAVA   [Exif IFD0 - 0x87af] GeoTIFF Geo Keys = [20 values]
       
       [GeoTIFF - 0x0400] Model Type = Projected
       [GeoTIFF - 0x0401] Raster Type = PixelIsArea
       [GeoTIFF - 0x0c00] Projected Coordinate System Type = WGS84 UTM zone 17N
       [GeoTIFF - 0x0c01] Projected Coordinate System Citation = UTM Zone 17 N with WGS84
       
       [File Type - 0x0001] Detected File Type Name = TIFF
       [File Type - 0x0002] Detected File Type Long Name = Tagged Image File Format
       [File Type - 0x0003] Detected MIME Type = image/tiff
       [File Type - 0x0004] Expected File Name Extension = tiff
       
       [File - 0x0001] File Name = o41078a3.tif
       [File - 0x0002] File Size = 8167800 bytes
       [File - 0x0003] File Modified Date = <omitted for regression testing as checkout dependent>
       
       - Exif IFD0
           - GeoTIFF
       - File Type
       - File
       
       Generated using metadata-extractor
       https://drewnoakes.com/code/exif/
       
