FILE: mlatlon.tif
TYPE: TIFF

[Exif IFD0 - 0x00fe] New Subfile Type = Full-resolution image
[Exif IFD0 - 0x0100] Image Width = 1828 pixels
[Exif IFD0 - 0x0101] Image Height = 1823 pixels
[Exif IFD0 - 0x0102] Bits Per Sample = 16 bits/component/pixel
[Exif IFD0 - 0x0103] Compression = Uncompressed
[Exif IFD0 - 0x0106] Photometric Interpretation = BlackIsZero
[Exif IFD0 - 0x0111] Strip Offsets = [1823 values]
[Exif IFD0 - 0x0115] Samples Per Pixel = 1 samples/pixel
[Exif IFD0 - 0x0116] Rows Per Strip = 1 rows/strip
[Exif IFD0 - 0x0117] Strip Byte Counts = 3656 3656 3656 3656 3656 3656 3656 3656 3656 3656 3656 3656 3656 3656 3656 3656 3656 3656 3656 3656 3656 3656 3656 3656 3656 3656 3656 3656 3656 3656 3656 3656 3656 3656 3656 3656 3656 3656 3656 3656 3656 3656 3656 3656 3656 3656 3656 3656 3656 3656 3656 3656 3656 3656 3656 3656 3656 3656 3656 3656 3656 3656 3656 3656 3656 3656 3656 3656 3656 3656 3656 3656 3656 3656 3656 3656 3656 3656 3656 3656 3656 3656 3656 3656 3656 3656 3656 3656 3656 3656 3656 3656 3656 3656 3656 3656 3656 3656 3656 3656 3656 3656 3656 3656 3656 3656 3656 3656 3656 3656 3656 3656 3656 3656 3656 3656 3656 3656 3656 3656 3656 3656 3656 3656 3656 3656 3656 3656 3656 3656 3656 3656 3656 3656 3656 3656 3656 3656 3656 3656 3656 3656 3656 3656 3656 3656 3656 3656 3656 3656 3656 3656 3656 3656 3656 3656 3656 3656 3656 3656 3656 3656 3656 3656 3656 3656 3656 3656 3656 3656 3656 3656 3656 3656 3656 3656 3656 3656 3656 3656 3656 3656 3656 3656 3656 3656 3656 3656 3656 3656 3656 3656 3656 3656 3656 3656 3656 3656 3656 3656 3656 3656 3656 3656 3656 3656 3656 3656 3656 3656 3656 3656 3656 3656 3656 3656 3656 3656 3656 3656 3656 3656 3656 3656 3656 3656 3656 3656 3656 3656 3656 3656 3656 3656 3656 3656 3656 3656 3656 3656 3656 3656 3656 3656 3656 3656 3656 3656 3656 3656 3656 3656 3656 3656 3656 3656 3656 3656 3656 3656 3656 3656 3656 3656 3656 3656 3656 3656 3656 3656 3656 3656 3656 3656 3656 3656 3656 3656 3656 3656 3656 3656 3656 3656 3656 3656 3656 3656 3656 3656 3656 3656 3656 3656 3656 3656 3656 3656 3656 3656 3656 3656 3656 3656 3656 3656 3656 3656 3656 3656 3656 3656 3656 3656 3656 3656 3656 3656 3656 3656 3656 3656 3656 3656 3656 3656 3656 3656 3656 3656 3656 3656 3656 3656 3656 3656 3656 3656 3656 3656 3656 3656 3656 3656 3656 3656 3656 3656 3656 3656 3656 3656 3656 3656 3656 3656 3656 3656 3656 3656 3656 3656 3656 3656 3656 3656 3656 3656 3656 3656 3656 3656 3656 3656 3656 3656 3656 3656 3656 3656 3656 3656 3656 3656 3656 3656 3656 3656 3656 3656 3656 3656 3656 3656 3656 3656 3656 3656 3656 3656 3656 3656 3656 3656 3656 3656 3656 3656 3656 3656 3656 3656 3656 3656 3656 3656 3656 3656 3656 3656 3656 3656 3656 3656 3656 3656 3656 3656 3656 3656 3656 3656 3656 3656 3656 3656 3656 3656 3656 3656 3656 3656 3656 3656 3656 3656 3656 3656 3656 3656 3656 3656 3656 3656 3656 3656 3656 3656 3656 3656 3656 3656 3656 3656 3656 3656 3656 3656 3656 3656 3656 3656 3656 3656 3656 3656 3656 3656 3656 3656 3656 3656 3656 3656 3656 3656 3656 3656 3656 3656 3656 3656 3656 3656 3656 3656 3656 3656 3656 3656 3656 3656 3656 3656 3656 3656 3656 3656 3656 3656 3656 3656 3656 3656 3656 3656 3656 3656 3656 3656 3656 3656 3656 3656 3656 3656 3656 3656 3656 3656 3656 3656 3656 3656 3656 3656 3656 3656 3656 3656 3656 3656 3656 3656 3656 3656 3656 3656 3656 3656 3656 3656 3656 3656 3656 3656 3656 3656 3656 3656 3656 3656 3656 3656 3656 3656 3656 3656 3656 3656 3656 3656 3656 3656 3656 3656 3656 3656 3656 3656 3656 3656 3656 3656 3656 3656 3656 3656 3656 3656 3656 3656 3656 3656 3656 3656 3656 3656 3656 3656 3656 3656 3656 3656 3656 3656 3656 3656 3656 3656 3656 3656 3656 3656 3656 3656 3656 3656 3656 3656 3656 3656 3656 3656 3656 3656 3656 3656 3656 3656 3656 3656 3656 3656 3656 3656 3656 3656 3656 3656 3656 3656 3656 3656 3656 3656 3656 3656 3656 3656 3656 3656 3656 3656 3656 3656 3656 3656 3656 3656 3656 3656 3656 3656 3656 3656 3656 3656 3656 3656 3656 3656 3656 3656 3656 3656 3656 3656 3656 3656 3656 3656 3656 3656 3656 3656 3656 3656 3656 3656 3656 3656 3656 3656 3656 3656 3656 3656 3656 3656 3656 3656 3656 3656 3656 3656 3656 3656 3656 3656 3656 3656 3656 3656 3656 3656 3656 3656 3656 3656 3656 3656 3656 3656 3656 3656 3656 3656 3656 3656 3656 3656 3656 3656 3656 3656 3656 3656 3656 3656 3656 3656 3656 3656 3656 3656 3656 3656 3656 3656 3656 3656 3656 3656 3656 3656 3656 3656 3656 3656 3656 3656 3656 3656 3656 3656 3656 3656 3656 3656 3656 3656 3656 3656 3656 3656 3656 3656 3656 3656 3656 3656 3656 3656 3656 3656 3656 3656 3656 3656 3656 3656 3656 3656 3656 3656 3656 3656 3656 3656 3656 3656 3656 3656 3656 3656 3656 3656 3656 3656 3656 3656 3656 3656 3656 3656 3656 3656 3656 3656 3656 3656 3656 3656 3656 3656 3656 3656 3656 3656 3656 3656 3656 3656 3656 3656 3656 3656 3656 3656 3656 3656 3656 3656 3656 3656 3656 3656 3656 3656 3656 3656 3656 3656 3656 3656 3656 3656 3656 3656 3656 3656 3656 3656 3656 3656 3656 3656 3656 3656 3656 3656 3656 3656 3656 3656 3656 3656 3656 3656 3656 3656 3656 3656 3656 3656 3656 3656 3656 3656 3656 3656 3656 3656 3656 3656 3656 3656 3656 3656 3656 3656 3656 3656 3656 3656 3656 3656 3656 3656 3656 3656 3656 3656 3656 3656 3656 3656 3656 3656 3656 3656 3656 3656 3656 3656 3656 3656 3656 3656 3656 3656 3656 3656 3656 3656 3656 3656 3656 3656 3656 3656 3656 3656 3656 3656 3656 3656 3656 3656 3656 3656 3656 3656 3656 3656 3656 3656 3656 3656 3656 3656 3656 3656 3656 3656 3656 3656 3656 3656 3656 3656 3656 3656 3656 3656 3656 3656 3656 3656 3656 3656 3656 3656 3656 3656 3656 3656 3656 3656 3656 3656 3656 3656 3656 3656 3656 3656 3656 3656 3656 3656 3656 3656 3656 3656 3656 3656 3656 3656 3656 3656 3656 3656 3656 3656 3656 3656 3656 3656 3656 3656 3656 3656 3656 3656 3656 3656 3656 3656 3656 3656 3656 3656 3656 3656 3656 3656 3656 3656 3656 3656 3656 3656 3656 3656 3656 3656 3656 3656 3656 3656 3656 3656 3656 3656 3656 3656 3656 3656 3656 3656 3656 3656 3656 3656 3656 3656 3656 3656 3656 3656 3656 3656 3656 3656 3656 3656 3656 3656 3656 3656 3656 3656 3656 3656 3656 3656 3656 3656 3656 3656 3656 3656 3656 3656 3656 3656 3656 3656 3656 3656 3656 3656 3656 3656 3656 3656 3656 3656 3656 3656 3656 3656 3656 3656 3656 3656 3656 3656 3656 3656 3656 3656 3656 3656 3656 3656 3656 3656 3656 3656 3656 3656 3656 3656 3656 3656 3656 3656 3656 3656 3656 3656 3656 3656 3656 3656 3656 3656 3656 3656 3656 3656 3656 3656 3656 3656 3656 3656 3656 3656 3656 3656 3656 3656 3656 3656 3656 3656 3656 3656 3656 3656 3656 3656 3656 3656 3656 3656 3656 3656 3656 3656 3656 3656 3656 3656 3656 3656 3656 3656 3656 3656 3656 3656 3656 3656 3656 3656 3656 3656 3656 3656 3656 3656 3656 3656 3656 3656 3656 3656 3656 3656 3656 3656 3656 3656 3656 3656 3656 3656 3656 3656 3656 3656 3656 3656 3656 3656 3656 3656 3656 3656 3656 3656 3656 3656 3656 3656 3656 3656 3656 3656 3656 3656 3656 3656 3656 3656 3656 3656 3656 3656 3656 3656 3656 3656 3656 3656 3656 3656 3656 3656 3656 3656 3656 3656 3656 3656 3656 3656 3656 3656 3656 3656 3656 3656 3656 3656 3656 3656 3656 3656 3656 3656 3656 3656 3656 3656 3656 3656 3656 3656 3656 3656 3656 3656 3656 3656 3656 3656 3656 3656 3656 3656 3656 3656 3656 3656 3656 3656 3656 3656 3656 3656 3656 3656 3656 3656 3656 3656 3656 3656 3656 3656 3656 3656 3656 3656 3656 3656 3656 3656 3656 3656 3656 3656 3656 3656 3656 3656 3656 3656 3656 3656 3656 3656 3656 3656 3656 3656 3656 3656 3656 3656 3656 3656 3656 3656 3656 3656 3656 3656 3656 3656 3656 3656 3656 3656 3656 3656 3656 3656 3656 3656 3656 3656 3656 3656 3656 3656 3656 3656 3656 3656 3656 3656 3656 3656 3656 3656 3656 3656 3656 3656 3656 3656 3656 3656 3656 3656 3656 3656 3656 3656 3656 3656 3656 3656 3656 3656 3656 3656 3656 3656 3656 3656 3656 3656 3656 3656 3656 3656 3656 3656 3656 3656 3656 3656 3656 3656 3656 3656 3656 3656 3656 3656 3656 3656 3656 3656 3656 3656 3656 3656 3656 3656 3656 3656 3656 3656 3656 3656 3656 3656 3656 3656 3656 3656 3656 3656 3656 3656 3656 3656 3656 3656 3656 3656 3656 3656 3656 3656 3656 3656 3656 3656 3656 3656 3656 3656 3656 3656 3656 3656 3656 3656 3656 3656 3656 3656 3656 3656 3656 3656 3656 3656 3656 3656 3656 3656 3656 3656 3656 3656 3656 3656 3656 3656 3656 3656 3656 3656 3656 3656 3656 3656 3656 3656 3656 3656 3656 3656 3656 3656 3656 3656 3656 3656 3656 3656 3656 3656 3656 3656 3656 3656 3656 3656 3656 3656 3656 3656 3656 3656 3656 3656 3656 3656 3656 3656 3656 3656 3656 3656 3656 3656 3656 3656 3656 3656 3656 3656 3656 3656 3656 3656 3656 3656 3656 3656 3656 3656 3656 3656 3656 3656 3656 3656 3656 3656 3656 3656 3656 3656 3656 3656 3656 3656 3656 3656 3656 3656 3656 3656 3656 3656 3656 3656 3656 3656 3656 3656 3656 3656 3656 3656 3656 3656 3656 3656 3656 3656 3656 3656 3656 3656 3656 3656 3656 3656 3656 3656 3656 3656 3656 3656 3656 3656 3656 3656 3656 3656 3656 3656 3656 3656 3656 3656 3656 3656 3656 3656 3656 3656 3656 3656 3656 3656 3656 3656 3656 3656 3656 3656 3656 3656 3656 3656 3656 3656 3656 3656 3656 3656 3656 3656 3656 3656 3656 3656 3656 3656 3656 3656 3656 3656 3656 3656 3656 3656 3656 3656 3656 3656 3656 3656 3656 3656 3656 3656 3656 3656 3656 3656 3656 3656 3656 3656 3656 3656 3656 3656 3656 3656 3656 3656 3656 3656 3656 3656 3656 3656 3656 3656 3656 3656 3656 3656 3656 3656 3656 3656 3656 3656 3656 3656 3656 3656 3656 3656 3656 3656 3656 3656 3656 3656 3656 3656 3656 3656 3656 3656 3656 3656 3656 3656 3656 3656 3656 3656 3656 3656 3656 3656 3656 3656 3656 3656 3656 3656 3656 3656 3656 3656 3656 3656 3656 3656 3656 3656 3656 3656 3656 3656 3656 3656 3656 3656 3656 3656 3656 3656 3656 3656 3656 3656 3656 3656 3656 3656 3656 3656 3656 3656 3656 3656 3656 3656 3656 3656 3656 3656 3656 3656 3656 3656 3656 3656 3656 3656 3656 3656 3656 3656 3656 3656 3656 3656 3656 3656 3656 bytes
[Exif IFD0 - 0x011a] X Resolution = 72 dots per inch
[Exif IFD0 - 0x011b] Y Resolution = 72 dots per inch
[Exif IFD0 - 0x011c] Planar Configuration = Chunky (contiguous for each subsampling pixel)
[Exif IFD0 - 0x0128] Resolution Unit = Inch
[Exif IFD0 - 0x0131] Software = VICAR Program VTIFF
[Exif IFD0 - 0x0132] Date/Time = 1996:11:21 15:03:45
[Exif IFD0 - 0x0153] Sample Format = 
[Exif IFD0 - 0x830e] Pixel Scale = 0 0 0
[Exif IFD0 - 0x8482] Model Tie Point = 0 0 0 -122.626 38 0

[GeoTIFF - 0x0400] Model Type = Geographic
[GeoTIFF - 0x0401] Raster Type = PixelIsArea
[GeoTIFF - 0x0402] Citation = Geographic Model/GeoTIFF 1.0
[GeoTIFF - 0x0800] Geographic Type = NAD27
[GeoTIFF - 0x0801] Geographic Citation = NAD 27 Datum

[File Type - 0x0001] Detected File Type Name = TIFF
[File Type - 0x0002] Detected File Type Long Name = Tagged Image File Format
[File Type - 0x0003] Detected MIME Type = image/tiff
[File Type - 0x0004] Expected File Name Extension = tiff

[File - 0x0001] File Name = mlatlon.tif
[File - 0x0002] File Size = 6679957 bytes
[File - 0x0003] File Modified Date = <omitted for regression testing as checkout dependent>

- Exif IFD0
    - GeoTIFF
- File Type
- File

Generated using metadata-extractor
https://drewnoakes.com/code/exif/
