FILE: o41078a7.tif
TYPE: TIFF

[Exif IFD0 - 0x00fe] New Subfile Type = Full-resolution image
[Exif IFD0 - 0x0100] Image Width = 4974 pixels
[Exif IFD0 - 0x0101] Image Height = 6749 pixels
[Exif IFD0 - 0x0102] Bits Per Sample = 8 bits/component/pixel
[Exif IFD0 - 0x0103] Compression = PackBits
[Exif IFD0 - 0x0106] Photometric Interpretation = RGB Palette
[Exif IFD0 - 0x0111] Strip Offsets = [6749 values]
[Exif IFD0 - 0x0115] Samples Per Pixel = 1 samples/pixel
[Exif IFD0 - 0x0116] Rows Per Strip = 1 rows/strip
[Exif IFD0 - 0x0117] Strip Byte Counts = 78 78 78 78 78 78 78 78 78 78 78 78 78 78 78 78 78 78 78 78 78 78 78 78 78 78 78 78 78 78 78 78 78 78 78 78 78 78 78 78 78 78 78 78 78 78 78 78 78 78 78 78 78 78 78 78 78 78 78 78 78 78 78 78 78 78 78 78 78 78 78 78 78 78 78 83 83 83 83 83 82 86 88 91 108 121 121 137 138 156 176 174 206 219 230 247 251 245 246 247 247 253 250 257 271 255 241 254 258 265 294 287 238 226 215 208 212 196 175 165 142 123 119 121 126 128 134 159 157 182 201 207 229 228 261 275 320 351 377 405 455 488 517 480 493 500 528 502 496 501 511 515 478 457 445 411 410 404 387 367 371 361 352 349 351 330 340 323 261 222 229 223 265 310 345 344 337 376 384 422 458 494 535 568 613 620 656 687 702 706 717 722 746 724 675 703 667 611 587 569 538 510 487 413 386 393 354 363 347 336 362 330 301 304 257 248 283 317 352 385 405 444 450 485 524 483 508 514 522 549 553 564 574 599 596 594 562 522 507 508 573 574 589 568 580 546 541 570 522 487 501 476 449 417 409 327 286 302 271 265 284 294 321 369 394 416 418 421 398 452 513 497 510 526 531 515 526 528 509 529 518 568 581 593 592 630 660 735 791 779 788 821 794 787 753 739 742 692 759 805 817 782 767 733 725 734 700 721 741 784 774 809 842 859 856 854 844 872 872 843 877 884 881 900 926 955 1002 1059 1052 1054 1039 999 994 1000 1024 1073 1070 1064 993 996 981 955 880 866 889 889 868 927 926 887 888 889 859 849 849 849 885 923 970 962 975 1011 1024 1057 1016 1072 1062 1081 1136 1152 1075 1100 1076 1090 1095 1048 1048 1027 1026 969 949 921 904 898 869 869 871 891 847 812 825 828 819 836 823 835 896 891 888 903 899 889 884 845 868 890 909 898 963 984 953 950 927 887 824 819 823 848 822 852 897 901 942 929 910 914 966 955 1003 968 957 974 968 935 938 945 935 945 940 918 956 954 881 902 891 904 858 911 867 892 931 959 936 936 908 884 946 937 957 904 898 878 880 886 918 931 955 971 1047 1059 1087 1096 1053 1018 989 989 975 980 965 999 932 982 1043 1006 954 986 1010 978 1031 1008 968 1018 1062 1009 1030 1001 996 986 975 992 1026 1040 1008 1055 1049 1040 1082 1142 1115 1153 1175 1181 1168 1086 1152 1128 1104 1086 1107 1095 1068 1125 1085 1133 1098 1122 1023 980 983 967 926 963 991 943 946 917 971 955 968 1007 1060 1066 1041 1066 1049 1068 1069 1050 992 1017 964 933 942 916 901 915 898 929 914 911 911 937 933 961 984 996 1011 1008 1013 1032 1032 1031 1031 1030 1006 1059 1063 1057 1064 984 990 971 967 971 983 993 975 1034 1033 1049 1057 1057 1085 1037 988 963 961 988 988 996 1006 1015 1004 1033 1016 985 960 972 981 1004 1016 996 1039 976 1009 1007 996 991 1035 1027 1038 1046 1139 1138 1143 1144 1161 1138 1164 1119 1125 1142 1167 1159 1082 1011 1033 1056 1067 1127 1135 1139 1150 1146 1119 1143 1113 1098 1056 1094 1088 1109 1088 1068 1010 1040 1039 1052 1042 1039 1048 1000 1046 1062 1058 1050 1127 1088 1062 1057 1010 1010 1007 1048 1078 1033 1005 999 971 1012 1003 1045 1021 1029 1019 1027 1043 1062 1072 1039 1047 1059 1063 1009 1038 1036 1032 998 1056 1082 1111 1085 1017 1019 958 989 1062 1035 1030 1056 1060 1042 1025 1035 1008 971 987 998 971 975 995 991 970 1039 1007 995 990 1028 996 997 1005 1032 1042 1016 997 1012 1013 1038 1029 1056 1051 1034 1044 1029 1009 1010 1038 1038 1011 1028 1051 990 995 982 946 967 975 962 979 948 945 929 956 936 946 967 931 942 911 919 901 896 917 940 938 934 961 964 962 911 950 934 928 942 922 945 955 937 1026 999 1019 1020 1041 1045 1024 1007 994 964 975 996 1006 1014 1026 1027 1019 1009 1004 974 977 1011 998 970 980 970 964 989 983 952 1002 1013 993 1000 978 989 989 966 977 960 989 986 989 972 966 938 956 972 955 967 989 975 957 953 937 968 963 1002 1040 978 1025 1017 1033 1055 1038 1058 1059 1044 1028 1076 1057 1050 1020 1008 997 1013 985 984 990 976 982 974 932 967 984 1013 996 973 969 968 968 1015 1018 989 1014 1009 1029 1022 1014 1009 987 977 999 1034 1047 1066 1023 1000 1014 993 1034 1044 1002 1043 1067 1078 1067 1076 1032 1036 1035 1012 958 930 965 958 942 915 980 967 991 1005 1010 1015 1057 1075 1079 1088 1049 1022 1020 970 1036 1009 1001 1015 1005 1008 977 944 956 948 950 953 958 965 969 962 946 987 978 973 947 900 896 909 921 913 935 950 960 1007 974 1000 994 996 994 981 1042 1042 999 1007 1001 1014 1015 982 1000 990 1015 991 972 981 967 923 921 879 920 910 899 954 961 950 953 953 926 926 939 904 886 918 913 926 921 938 969 979 959 955 970 982 977 990 1004 984 979 941 918 930 945 979 994 1007 1033 995 993 985 974 996 957 981 986 1001 961 1015 1000 970 1020 1004 1034 1011 1028 1013 1009 1026 1023 1032 1005 981 977 975 990 1008 982 945 883 910 893 905 894 901 919 917 883 963 982 977 935 919 901 894 884 882 884 898 831 822 795 795 777 766 785 806 809 817 794 806 804 790 822 864 891 916 907 914 926 891 912 927 936 947 943 921 938 902 891 879 901 888 902 904 908 903 934 907 905 878 853 879 890 881 894 889 836 867 881 839 824 848 858 870 870 891 859 823 787 804 825 828 847 860 822 842 818 813 804 807 797 803 829 819 803 799 815 817 846 861 862 860 835 825 850 867 853 850 855 844 858 841 850 880 846 840 823 849 835 875 862 861 866 852 880 870 885 875 832 854 851 869 877 823 851 853 874 838 846 827 852 875 891 857 863 873 855 868 855 862 894 899 928 939 947 937 953 926 941 938 932 942 966 925 933 911 925 907 897 895 919 896 901 896 892 906 880 897 922 928 927 927 936 974 960 946 1009 1006 1011 998 972 978 1003 1014 1006 983 967 966 973 969 982 956 965 968 982 1010 987 967 938 952 971 946 968 983 966 911 919 954 979 954 946 942 963 974 964 990 1000 976 993 993 970 915 937 948 930 927 901 859 863 870 855 854 856 845 841 870 891 892 862 865 876 836 867 862 846 852 829 853 868 920 896 915 872 861 898 856 813 843 843 863 866 846 883 890 886 882 808 819 830 874 873 864 853 826 849 841 811 825 801 787 790 817 806 775 765 783 774 782 763 812 765 783 797 789 812 792 818 844 817 801 829 824 843 833 823 827 811 817 817 794 796 788 780 798 819 806 816 806 832 838 823 862 822 841 859 872 893 851 896 894 890 920 935 944 937 936 974 946 958 986 1001 998 994 982 954 943 947 962 992 1004 968 960 931 946 970 1038 1019 1044 1015 997 999 1006 986 1011 1002 995 1008 1028 990 1044 1035 1030 1025 1028 1029 1019 1031 1093 1066 1071 1078 1070 1051 993 987 998 1019 988 1016 996 1007 963 986 1037 1074 982 986 999 1061 1042 1050 1061 1076 1094 1079 1051 1061 1087 1105 1098 1085 1073 1084 1076 1053 1112 1147 1031 1026 1010 1006 1025 1015 1021 1008 1031 1014 1025 1018 1022 1044 1035 1043 1047 1046 1041 1067 1007 991 963 975 982 956 983 998 1013 1001 1000 986 1005 988 989 985 959 961 946 925 960 946 954 959 971 987 981 962 960 964 974 963 998 970 948 967 966 958 950 942 939 946 953 932 924 948 945 931 967 991 993 966 942 940 937 936 943 944 949 956 943 946 960 962 995 982 971 977 967 981 977 997 1004 991 978 1013 988 1031 1003 1023 1013 995 1019 1014 1034 1019 983 1013 1062 1028 1024 1063 1057 1018 1019 979 1025 1030 1092 1103 1088 1073 1067 1073 1055 1041 1084 1062 1073 1068 1075 1058 1082 1084 1078 1095 1105 1113 1102 1100 1087 1085 1124 1121 1155 1152 1147 1144 1190 1141 1118 1145 1161 1169 1188 1172 1196 1143 1121 1194 1156 1136 1132 1168 1130 1097 1124 1167 1159 1145 1150 1167 1180 1163 1142 1111 1117 1145 1129 1107 1126 1113 1112 1105 1113 1115 1099 1078 1086 1118 1120 1153 1169 1177 1154 1164 1153 1130 1127 1117 1094 1099 1113 1120 1103 1136 1096 1105 1116 1117 1113 1094 1068 1081 1116 1124 1120 1146 1138 1167 1120 1097 1083 1076 1073 1075 1100 1095 1082 1073 1039 1038 1092 1094 1118 1163 1167 1181 1177 1161 1138 1092 1085 1086 1082 1107 1151 1176 1200 1200 1248 1191 1180 1135 1154 1145 1137 1145 1104 1118 1170 1187 1137 1133 1109 1134 1113 1130 1136 1148 1131 1152 1163 1139 1149 1155 1161 1182 1151 1151 1149 1151 1184 1167 1126 1102 1131 1128 1052 1058 1091 1084 1083 1099 1095 1075 1076 1055 1077 1090 1096 1074 1058 1065 1053 1060 1060 1054 1040 1041 1043 1056 1016 1060 1065 1038 1083 1080 1048 1058 1066 1104 1105 1169 1165 1168 1143 1095 1122 1118 1096 1068 1006 1008 1016 989 978 977 924 959 934 944 943 946 937 954 976 1000 1007 1032 1034 1049 1064 1062 1045 979 991 958 1012 953 967 970 901 901 899 906 907 903 913 934 888 916 948 937 961 942 941 969 992 994 1018 1014 1009 940 948 974 916 890 881 936 897 855 808 852 842 857 845 897 863 880 853 846 846 866 881 841 860 843 822 845 858 878 898 943 938 889 873 891 927 903 913 884 913 926 898 890 890 918 932 983 981 969 984 989 1042 1055 1043 1030 1049 1009 964 935 994 1015 1038 1010 1018 1002 1062 1083 1105 1138 1137 1096 1123 1101 1124 1144 1161 1157 1191 1133 1175 1188 1210 1232 1186 1140 1130 1159 1093 1138 1052 1060 1109 1038 1057 1066 1121 1084 1113 1159 1162 1181 1165 1217 1216 1209 1211 1174 1142 1123 1094 1122 1087 1112 1120 1099 1096 1138 1153 1163 1193 1143 1174 1175 1165 1163 1142 1142 1137 1148 1158 1148 1120 1146 1193 1207 1194 1209 1165 1197 1214 1176 1176 1192 1244 1253 1261 1275 1277 1255 1242 1262 1249 1226 1233 1276 1300 1284 1271 1253 1250 1287 1261 1278 1294 1278 1255 1220 1234 1254 1228 1208 1201 1190 1211 1196 1201 1234 1221 1206 1191 1258 1252 1235 1228 1196 1187 1193 1238 1270 1252 1276 1218 1218 1243 1295 1328 1338 1277 1264 1285 1267 1247 1196 1217 1182 1176 1231 1243 1171 1234 1233 1194 1251 1254 1240 1246 1279 1285 1264 1265 1309 1291 1301 1355 1272 1272 1253 1262 1265 1252 1262 1265 1292 1303 1303 1333 1432 1424 1377 1376 1389 1372 1399 1425 1413 1398 1390 1394 1316 1382 1391 1342 1296 1335 1315 1360 1360 1353 1362 1382 1387 1391 1369 1327 1377 1330 1319 1350 1336 1357 1346 1355 1275 1311 1256 1196 1177 1156 1173 1189 1194 1173 1214 1176 1163 1183 1211 1185 1219 1227 1286 1301 1274 1235 1255 1270 1268 1239 1235 1245 1235 1212 1225 1232 1210 1244 1227 1207 1205 1158 1154 1167 1197 1189 1158 1160 1168 1128 1113 1133 1184 1235 1206 1219 1226 1200 1172 1208 1203 1191 1182 1166 1181 1184 1183 1187 1189 1186 1146 1209 1222 1197 1226 1224 1165 1121 1165 1126 1071 1082 1080 1088 1043 1030 1029 1044 1057 1054 1069 1052 1077 1087 1078 1069 1089 1089 1111 1189 1186 1225 1197 1213 1177 1182 1146 1122 1111 1093 1086 1084 1124 1124 1122 1102 1134 1109 1097 1085 1104 1126 1101 1105 1077 1045 1047 1053 1058 1105 1067 1031 1061 1067 1104 1115 1071 1117 1157 1183 1154 1113 1197 1195 1190 1147 1132 1122 1037 1060 1084 1113 1074 1053 1074 1078 1085 1115 1137 1119 1119 1100 1086 1076 1070 1068 1107 1065 1107 1095 1058 1070 1102 1152 1115 1093 1087 1097 1121 1091 1091 1079 1100 1063 1034 1053 1103 1126 1081 1093 1117 1140 1095 1176 1133 1128 1095 1113 1124 1107 1136 1156 1193 1133 1036 1033 1021 986 980 995 984 1019 1021 1027 1044 1057 996 1047 1053 1119 1165 1143 1132 1061 1046 1068 1093 1142 1108 1088 1089 1135 1149 1159 1155 1095 1093 1071 1070 1042 1045 1036 1040 1081 1083 1066 1069 1110 1192 1210 1168 1171 1140 1152 1187 1214 1225 1219 1228 1231 1260 1250 1271 1254 1268 1287 1345 1265 1230 1278 1285 1283 1223 1220 1242 1257 1243 1303 1301 1330 1310 1323 1345 1338 1357 1352 1428 1428 1391 1388 1416 1383 1399 1383 1394 1358 1358 1338 1338 1348 1365 1385 1364 1396 1427 1395 1381 1395 1412 1382 1375 1351 1373 1364 1401 1442 1484 1460 1424 1459 1427 1487 1485 1525 1509 1497 1462 1473 1470 1546 1532 1466 1474 1457 1434 1406 1404 1434 1407 1429 1385 1355 1350 1322 1350 1332 1337 1344 1366 1377 1364 1427 1404 1396 1414 1400 1394 1381 1366 1370 1364 1374 1375 1324 1306 1315 1332 1359 1318 1307 1375 1405 1379 1355 1348 1353 1370 1332 1319 1329 1307 1305 1319 1312 1330 1340 1344 1348 1349 1314 1224 1231 1228 1258 1230 1249 1217 1189 1237 1237 1221 1227 1266 1247 1243 1210 1196 1200 1221 1220 1219 1240 1212 1206 1206 1215 1190 1232 1205 1184 1168 1216 1231 1230 1201 1199 1199 1164 1168 1149 1179 1186 1179 1154 1166 1131 1149 1142 1162 1164 1184 1183 1172 1139 1126 1124 1105 1155 1127 1138 1180 1172 1186 1152 1191 1175 1183 1191 1171 1165 1152 1143 1098 1129 1120 1152 1160 1122 1092 1103 1056 1083 1074 1049 1046 1053 1040 1076 1111 1127 1110 1104 1089 1081 1073 1041 1049 1061 1113 1084 1093 1085 1061 1037 1066 1046 1037 1057 1019 1023 1000 1007 1043 1039 1040 1028 1033 1039 1048 1086 1063 1051 1048 1051 1037 1037 1053 1042 1013 1055 1033 1083 1087 1117 1141 1109 1049 1095 1112 1098 1108 1097 1091 1096 1113 1069 1046 1034 1045 1070 1068 1073 1068 1073 1085 1073 1097 1110 1082 1106 1062 1047 1040 1035 1051 1012 1055 1043 1050 986 1036 1008 1034 1012 1000 992 991 998 973 960 969 958 993 1030 1004 1024 988 1003 1003 1015 1048 1045 1046 1040 1054 1038 1033 1014 1044 977 993 965 957 918 951 971 975 948 948 963 941 950 941 935 953 934 928 914 906 931 923 910 927 953 993 978 945 915 949 994 970 967 948 947 929 904 876 906 903 911 960 925 903 889 906 926 921 949 924 955 945 945 981 1017 1012 1040 1040 1031 1029 944 981 965 954 931 928 932 961 1000 928 948 966 944 930 965 961 1013 1001 996 1012 981 945 942 923 917 924 936 919 906 932 913 890 933 913 926 920 928 954 978 973 944 966 975 967 952 1021 973 946 1000 980 986 975 986 977 987 1017 922 928 908 918 937 905 922 933 947 953 974 958 889 928 941 1004 961 956 950 936 968 948 948 934 909 945 930 908 963 940 948 951 964 913 936 954 960 960 955 980 1012 1007 1017 1013 1021 996 1020 1026 1044 1008 1008 997 994 963 1017 1001 1010 1034 1011 993 1004 976 996 1004 981 966 992 1025 1006 1053 1033 1044 999 999 986 1025 998 1024 1000 963 972 974 936 944 934 943 950 938 979 990 1004 998 1018 1023 1003 1038 1032 1038 1022 1035 1001 967 978 991 997 1009 996 1042 1078 1091 1076 1064 1021 1029 1064 1015 1037 1038 1025 1026 1028 1003 1009 1032 1053 1038 1054 1039 995 1022 1019 1008 1008 1032 1065 1042 1038 1058 1075 1095 1103 1104 1117 1081 1115 1077 1116 1140 1095 1105 1102 1108 1103 1100 1098 1108 1097 1122 1133 1145 1149 1202 1197 1188 1174 1162 1145 1148 1122 1098 1083 1103 1057 1074 1000 1006 998 1020 1032 1072 1057 1085 1129 1132 1151 1112 1157 1160 1183 1170 1160 1174 1142 1102 1069 1093 1091 1047 1009 1043 1000 990 990 1014 991 990 988 1000 1045 1065 1072 1075 1060 1065 1072 1053 1067 1067 1054 1078 1093 1080 1072 1021 1002 1025 1087 1055 1043 1095 1068 1050 1059 1073 1032 1026 1069 1105 1089 1056 1045 1043 1075 1059 1045 1084 1082 1106 1076 1093 1107 1086 1061 1060 1018 1019 1032 1035 1021 1037 1041 1046 1049 1037 1045 1040 1027 1003 971 976 1008 988 994 997 1003 1039 1024 1013 1005 1063 1022 1032 1013 1019 1004 1000 1014 992 1000 1012 982 1002 963 949 956 946 978 963 940 961 943 931 933 923 931 924 907 905 873 884 941 999 979 969 933 961 939 923 899 912 946 923 916 912 900 901 886 901 924 906 893 907 919 915 918 901 909 943 944 936 898 899 908 872 883 863 874 878 870 855 898 898 907 921 902 922 944 936 951 958 930 937 939 931 926 910 935 941 938 914 921 900 896 876 862 850 836 827 861 853 847 846 911 912 882 886 885 911 947 932 949 927 907 902 895 877 873 863 828 848 854 842 871 843 858 879 861 879 833 835 821 853 874 855 857 865 847 848 901 889 916 882 892 857 870 843 840 854 883 846 899 933 896 908 890 918 920 926 904 872 882 917 974 929 954 932 940 936 940 916 942 898 922 938 922 969 981 950 980 1011 1012 1037 1030 1052 981 998 972 930 883 891 890 917 893 894 901 906 900 894 884 887 876 919 849 921 896 925 914 883 922 950 927 931 911 920 937 943 933 913 915 915 900 908 955 965 994 986 945 959 898 905 941 941 933 953 937 892 896 886 870 866 856 836 844 825 833 853 866 884 870 921 947 961 937 898 905 923 919 880 849 862 882 931 904 901 921 931 904 893 861 867 877 897 937 953 937 903 899 897 894 863 872 834 868 910 909 883 917 874 856 840 820 826 814 847 840 837 863 836 822 798 802 780 821 831 821 820 795 796 828 822 792 822 863 851 841 826 793 798 831 840 860 845 860 818 822 794 760 746 751 784 832 788 759 746 782 792 803 837 913 893 878 847 878 889 828 869 956 1003 936 927 882 855 922 944 1006 943 988 967 985 1025 991 964 945 930 927 942 1005 1007 939 898 902 905 872 864 875 926 892 904 933 968 961 975 961 927 918 912 878 920 957 971 984 912 912 934 954 972 985 940 934 930 905 962 1014 1059 1025 1027 1009 1015 1043 1008 998 1026 1049 969 971 968 968 988 1012 1042 1012 988 1041 1044 1039 1034 1040 1025 1040 1034 1048 1068 1063 1045 1036 1078 1076 1128 1140 1126 1125 1120 1095 1113 1103 1089 1091 1056 1074 1073 1089 1083 1109 1076 991 1004 1030 1057 1066 1055 1098 1053 1023 1048 1027 1029 1057 1049 1028 1069 1024 1072 1073 1052 1077 1029 1075 1058 1077 1064 1070 1054 1064 1031 1064 1051 972 942 920 933 952 979 1050 1068 1049 1082 1114 1120 1107 1065 1036 1029 1018 999 1003 974 996 991 970 984 949 952 894 940 935 919 887 916 916 911 917 899 930 928 932 938 959 926 913 917 925 929 948 914 915 948 910 929 888 928 942 932 963 977 958 931 955 962 1004 1014 1018 1048 1080 1039 1081 1058 1045 1040 1015 1013 1000 1006 1009 1018 996 983 975 993 986 1011 1010 1026 973 1014 995 998 975 976 989 944 968 933 945 965 995 953 963 976 945 960 980 972 993 949 1012 1000 967 955 966 958 987 985 941 943 970 932 955 957 1009 1034 1022 1002 973 1013 1043 1008 1030 1002 1028 1003 1004 1063 1074 1063 1068 1082 1072 1083 1026 1051 1029 1001 1004 1023 1046 1046 1081 1086 1089 1068 1040 1035 1031 1047 1095 1078 1052 1011 1035 1023 1003 1000 1012 1044 1053 1041 1098 1101 1096 1078 1077 1120 1136 1090 1076 1104 1081 1056 1080 1100 1107 1129 1095 1087 1076 1017 1016 1084 1063 1046 1036 1014 993 965 972 987 966 929 936 958 905 925 927 956 976 972 953 915 915 910 878 901 962 948 976 946 953 949 927 934 949 962 968 968 962 972 980 973 947 906 953 956 970 986 976 975 963 944 942 958 997 994 966 975 962 985 969 955 927 937 935 928 943 945 933 939 937 907 904 916 903 908 900 907 857 829 795 774 780 767 777 787 788 784 793 816 811 820 806 806 834 833 820 821 834 826 855 853 832 779 809 785 820 814 812 798 833 800 819 827 845 838 816 816 847 854 869 892 890 919 926 924 927 915 895 922 936 894 909 857 872 870 855 864 875 866 894 849 844 853 841 853 897 902 916 894 896 913 894 892 905 909 900 902 903 905 893 886 882 872 864 824 846 821 824 825 836 824 819 823 834 822 802 827 836 837 838 860 882 880 863 867 843 831 826 799 821 842 844 829 823 825 861 858 827 793 808 814 826 846 893 855 802 799 793 792 778 767 779 811 820 818 837 840 818 835 841 850 894 926 927 905 897 906 879 872 866 845 824 808 781 787 759 810 817 808 788 813 791 847 817 842 851 851 843 846 855 869 849 876 898 888 882 871 878 869 886 842 851 846 864 866 870 861 871 830 811 807 833 819 818 785 821 811 796 792 813 778 769 819 816 782 781 784 788 779 783 816 806 818 800 748 742 796 774 763 767 742 753 724 784 761 777 833 791 814 835 820 861 872 874 858 842 863 848 842 839 841 841 934 903 894 884 966 898 852 856 859 855 889 875 868 902 885 910 930 966 966 978 958 941 895 866 890 919 905 914 879 864 848 887 887 883 919 904 948 935 969 966 959 972 974 988 1007 1039 989 997 933 954 961 963 979 971 993 982 992 1001 1006 1070 1090 1071 1111 1146 1120 1084 1072 1051 1107 1151 1106 1110 1026 1075 1041 1012 1007 1016 1032 1025 1073 1009 1053 1009 975 999 993 1011 989 1011 1056 1026 1024 1067 1042 1056 1035 1015 1010 1001 1013 1003 985 982 959 997 1033 1023 1023 1008 1030 1036 1040 1031 1027 1028 1018 1008 1014 1000 1025 1019 1029 1005 1007 1021 990 993 983 1041 1010 967 1027 1007 1002 967 958 976 1001 980 977 989 978 990 993 993 971 951 970 963 989 977 973 1022 998 1000 976 987 978 1001 991 975 940 948 925 948 943 939 929 942 944 951 962 943 915 946 957 985 981 1019 966 975 942 943 938 925 932 948 968 961 978 994 991 956 958 987 995 1018 996 1005 973 958 980 989 993 1005 1022 1025 1034 1030 982 953 976 976 970 973 985 977 965 958 951 939 895 905 899 879 861 857 884 918 881 856 862 872 866 859 848 852 841 811 831 832 822 778 803 779 764 753 793 807 842 813 846 827 835 849 848 905 888 882 866 882 872 900 852 839 845 800 789 787 822 857 844 829 836 828 830 811 833 805 834 827 814 853 827 843 874 870 905 906 938 884 883 889 908 921 888 850 837 790 807 808 813 813 805 820 843 871 874 862 875 884 873 869 843 876 894 858 887 878 851 856 834 866 844 819 830 867 848 852 889 860 873 906 915 924 949 962 915 941 923 910 902 874 875 874 848 856 823 828 830 851 861 880 878 868 845 850 880 918 924 858 854 852 844 837 811 816 843 852 812 810 819 830 831 817 822 798 802 794 840 868 861 856 840 843 865 873 861 847 850 832 824 827 823 846 887 893 859 911 874 928 934 969 949 940 959 951 933 915 914 943 921 888 905 898 915 906 879 881 851 832 838 871 876 851 832 826 769 752 725 739 770 800 830 835 875 828 841 846 794 771 797 807 816 812 806 773 790 793 809 804 813 789 777 803 806 811 821 799 830 796 799 824 806 781 788 802 810 781 826 829 817 803 810 820 807 807 790 814 807 805 803 803 809 793 829 841 840 814 835 830 830 793 786 788 805 849 860 824 803 798 804 824 852 858 872 864 844 832 846 831 827 845 845 827 845 848 831 828 814 808 797 792 800 796 804 815 827 835 827 826 832 837 838 826 808 813 830 825 826 862 876 832 839 851 843 869 869 885 876 870 875 871 889 838 834 839 869 865 865 902 907 892 900 888 897 850 873 839 843 850 879 867 857 887 889 887 858 837 822 830 840 860 848 831 837 793 835 818 846 835 829 848 876 854 841 834 893 887 816 790 801 773 757 759 832 821 830 824 867 885 846 871 885 898 868 854 849 853 849 835 830 814 840 843 836 846 841 877 846 823 829 828 853 844 833 815 826 816 810 818 819 817 805 823 810 834 824 816 791 841 817 827 812 820 819 833 848 880 826 798 830 803 799 823 779 762 761 771 775 787 808 852 837 854 830 830 836 826 849 807 826 808 847 834 846 862 842 854 872 858 869 896 851 872 886 904 926 920 950 970 938 932 915 899 872 895 902 884 921 941 918 927 873 893 895 899 895 901 936 938 942 938 953 989 999 973 895 812 803 829 822 845 848 847 824 805 816 802 836 860 866 897 876 865 893 891 909 886 875 884 888 856 860 851 846 836 847 863 861 849 870 847 835 839 816 837 851 831 850 816 815 802 824 823 837 850 840 855 836 847 828 870 889 891 886 897 891 914 879 893 844 852 866 827 866 838 856 864 843 830 834 864 869 875 885 870 872 873 869 855 850 856 871 861 862 881 893 937 885 845 842 850 887 891 860 860 831 835 847 847 867 877 864 878 857 908 902 895 874 883 891 900 862 849 877 872 855 846 833 857 856 895 909 855 867 846 854 849 878 881 873 864 867 868 856 872 859 872 835 826 828 828 820 830 798 780 795 761 780 790 813 833 862 854 878 889 852 870 804 814 822 827 817 817 836 834 856 831 836 836 849 916 955 897 915 933 902 925 922 906 871 913 906 911 876 882 857 869 830 852 864 884 873 871 863 874 874 896 889 887 882 866 871 848 883 876 887 870 878 880 849 863 814 863 857 885 882 871 862 854 818 837 842 854 843 827 839 843 842 836 833 861 847 863 873 875 873 863 837 854 849 847 815 862 878 860 881 888 911 919 922 936 938 931 927 928 920 953 1006 954 953 937 900 885 873 846 876 885 914 909 870 865 815 850 877 846 879 886 893 851 830 862 883 889 896 884 871 879 878 876 898 884 910 898 902 884 871 868 867 890 916 922 918 931 896 867 879 854 876 864 851 891 865 877 855 853 849 875 839 854 834 858 874 841 861 862 873 889 904 926 892 871 883 875 879 827 821 793 827 831 829 848 878 897 895 885 872 862 867 881 900 925 906 907 906 901 911 913 874 892 885 877 925 946 966 960 957 953 950 944 913 919 930 941 922 934 918 920 917 928 888 933 939 950 927 935 930 919 919 925 910 899 910 923 921 935 934 953 946 965 974 951 979 989 970 953 980 964 981 975 991 996 994 998 1024 993 1021 1057 1041 1044 1053 1039 1021 1016 1063 1061 1047 1029 1039 1022 1018 1031 1000 1013 1010 1035 1056 1053 1070 1043 1090 1081 1084 1064 1025 1011 1022 1029 981 973 1011 1006 1028 984 1005 1023 1017 1018 1016 1029 1027 1013 1051 982 995 983 1002 1025 1045 1058 1026 1020 1034 1016 998 1006 1031 1050 1054 1034 1049 1053 1046 1009 1032 1109 1111 1088 1066 1049 1046 1059 1061 1043 1002 1019 1017 1023 1006 985 943 933 935 922 937 949 944 992 959 950 960 933 937 937 905 910 912 928 927 894 892 843 845 844 881 891 891 849 857 871 877 855 835 861 841 824 805 848 862 846 818 838 844 857 865 870 837 862 852 885 880 843 871 907 877 887 873 872 899 856 888 885 890 872 878 870 835 833 860 840 855 845 823 807 819 836 830 836 848 829 829 826 806 843 826 826 819 814 843 871 817 828 826 835 858 846 850 861 883 913 936 874 900 921 950 918 860 906 874 866 875 874 925 942 945 920 924 942 969 933 924 896 890 882 878 879 893 909 921 940 937 904 919 912 910 919 908 898 896 946 963 938 926 900 869 918 939 921 928 918 946 947 933 949 934 896 893 907 932 898 893 916 883 868 892 947 963 979 961 954 963 978 952 936 943 956 970 997 951 935 887 882 882 920 925 890 898 905 884 875 939 977 1010 983 998 1040 1041 1050 1034 1022 1023 984 975 925 893 930 946 923 909 864 877 872 839 859 835 845 844 837 828 845 848 830 810 853 855 863 873 890 896 878 915 927 903 887 872 861 901 894 893 887 868 880 841 827 808 817 801 806 786 777 777 761 770 780 759 776 813 835 796 862 861 881 830 795 804 832 827 827 810 810 794 800 789 761 744 738 760 781 773 767 789 810 829 814 773 779 768 763 779 778 767 795 768 762 751 744 724 722 730 725 761 772 755 738 708 725 727 729 724 724 740 778 804 784 814 790 784 764 753 784 764 722 719 732 744 786 794 771 795 785 776 758 784 767 773 726 779 754 752 769 766 750 745 696 751 721 736 740 756 770 758 780 773 789 789 822 776 764 765 756 761 755 766 760 763 745 692 691 719 721 748 715 718 725 707 717 740 756 774 778 752 748 740 716 719 748 762 752 772 750 745 726 784 794 856 854 881 851 839 868 869 881 885 876 847 876 832 808 822 822 805 839 827 814 841 833 818 832 844 847 847 850 868 874 878 910 868 914 900 946 903 903 929 873 908 923 919 913 954 928 970 969 973 954 897 884 879 868 912 938 959 926 909 888 894 880 899 878 851 883 869 857 889 842 870 856 869 889 899 890 908 899 902 902 939 967 985 929 923 938 932 934 982 977 989 981 1011 1068 1073 1062 1071 1100 1073 1069 1016 1014 970 985 1008 988 994 1006 1025 1008 1037 1011 1017 1058 1082 1062 1061 1011 1000 1028 1009 1048 1071 1089 1078 1068 1076 1068 1079 1056 1078 1060 1046 1053 1082 1055 1034 1045 1038 1028 1047 1041 1054 1047 1062 1089 1111 1106 1139 1108 1128 1125 1099 1109 1084 1113 1118 1143 1139 1101 1095 1105 1094 1110 1134 1106 1108 1104 1143 1125 1112 1134 1109 1096 1106 1095 1104 1131 1139 1146 1130 1138 1137 1156 1156 1106 1149 1229 1171 1136 1119 1109 1111 1158 1142 1143 1161 1163 1169 1165 1131 1143 1127 1141 1158 1146 1149 1156 1149 1172 1148 1109 1084 1067 1053 1018 1026 1057 1029 956 993 1024 1067 1138 1130 1052 1072 1102 1103 1121 1125 1152 1131 1149 1119 1092 1116 1035 1051 991 1002 944 931 910 861 835 744 690 688 675 689 674 715 717 715 701 714 668 687 636 656 597 626 620 605 607 615 616 619 603 612 673 647 626 646 684 672 631 664 674 636 660 708 721 673 672 637 622 556 573 589 532 535 534 543 546 572 580 571 598 572 565 563 637 592 584 594 610 641 573 567 485 409 378 321 252 256 233 205 205 200 256 261 273 292 327 324 349 352 339 331 323 325 328 354 377 369 382 367 334 337 354 370 367 380 357 375 370 380 382 394 413 413 399 424 380 327 291 297 312 319 328 324 333 287 248 269 275 286 322 337 326 379 420 436 417 461 507 511 509 537 588 579 582 634 593 615 606 596 593 541 504 443 414 404 372 336 357 402 375 329 273 258 215 210 182 200 207 227 247 301 289 360 338 330 345 382 388 381 392 442 446 472 470 445 477 496 512 525 521 515 508 481 499 483 468 443 434 429 474 488 547 566 529 561 555 571 543 504 520 571 600 603 646 713 731 773 705 747 649 593 565 629 583 501 507 522 524 509 550 594 534 558 550 527 557 518 552 562 558 637 637 597 593 566 501 454 462 449 415 399 367 357 367 347 342 318 298 272 304 258 256 239 249 270 319 389 418 417 426 435 444 463 478 536 525 550 575 585 593 578 547 542 511 504 519 455 434 408 361 353 342 317 283 243 210 212 227 279 322 344 376 425 468 493 530 565 590 618 604 661 667 663 639 624 588 542 555 550 548 543 474 441 381 334 335 306 264 219 189 186 179 196 231 273 316 389 416 447 464 482 503 546 573 620 691 700 687 690 664 651 625 588 557 512 495 481 498 497 400 341 331 323 319 363 374 378 412 426 485 538 560 598 605 623 610 575 541 523 519 485 457 397 392 362 303 261 228 202 189 188 182 186 225 241 226 244 244 232 237 282 333 349 395 423 421 433 414 405 412 402 396 411 380 388 382 348 354 299 278 227 208 200 190 206 234 262 289 344 394 400 404 381 413 402 432 461 530 560 580 622 615 599 594 584 612 601 556 550 532 531 533 513 473 459 433 453 436 340 336 320 291 323 314 371 407 437 471 532 604 649 683 660 659 637 612 605 570 551 513 495 422 378 334 275 230 180 178 149 121 134 152 221 281 327 390 429 460 513 571 604 676 735 801 799 844 869 919 920 866 861 765 730 630 568 541 528 522 487 476 465 450 455 425 463 451 470 476 509 553 589 629 675 740 746 762 811 895 906 874 878 874 864 847 831 770 748 708 716 620 623 578 557 530 455 445 415 385 385 352 343 381 395 421 454 468 488 553 582 599 588 650 725 816 853 835 856 867 854 829 840 819 792 763 733 688 643 638 646 609 573 550 495 489 460 430 427 439 427 429 436 442 456 466 474 492 472 486 485 506 444 403 376 365 329 314 299 260 231 215 201 181 158 147 114 90 78 78 78 78 86 87 86 88 96 97 117 140 179 210 225 236 262 266 291 289 282 277 267 261 276 262 258 247 239 212 187 180 180 145 127 133 171 204 204 220 280 311 343 329 357 380 405 419 461 459 478 460 451 452 411 401 403 357 329 314 300 268 248 215 220 228 227 241 232 249 274 293 308 311 334 368 391 426 465 474 460 461 459 437 431 409 391 350 370 345 326 288 267 250 226 193 182 152 135 105 94 92 90 88 86 82 78 78 78 78 78 78 78 78 78 78 78 78 78 78 78 78 78 78 78 78 78 78 78 78 78 78 78 78 78 78 78 78 78 78 78 bytes
[Exif IFD0 - 0x011a] X Resolution = 72 dots per inch
[Exif IFD0 - 0x011b] Y Resolution = 72 dots per inch
[Exif IFD0 - 0x011c] Planar Configuration = Chunky (contiguous for each subsampling pixel)
[Exif IFD0 - 0x0128] Resolution Unit = Inch
[Exif IFD0 - 0x0140] Unknown tag (0x0140) = [768 values]
[Exif IFD0 - 0x830e] Pixel Scale = 2.438 2.438 0
[Exif IFD0 - 0x8482] Model Tie Point = 0 0 0 677765.001 4555485.245 0

[GeoTIFF - 0x0400] Model Type = Projected
[GeoTIFF - 0x0401] Raster Type = PixelIsArea
[GeoTIFF - 0x0c00] Projected Coordinate System Type = WGS84 UTM zone 17N
[GeoTIFF - 0x0c01] Projected Coordinate System Citation = UTM Zone 17 N with WGS84

[File Type - 0x0001] Detected File Type Name = TIFF
[File Type - 0x0002] Detected File Type Long Name = Tagged Image File Format
[File Type - 0x0003] Detected MIME Type = image/tiff
[File Type - 0x0004] Expected File Name Extension = tiff

[File - 0x0001] File Name = o41078a7.tif
[File - 0x0002] File Size = 6021930 bytes
[File - 0x0003] File Modified Date = <omitted for regression testing as checkout dependent>

- Exif IFD0
    - GeoTIFF
- File Type
- File

Generated using metadata-extractor
https://drewnoakes.com/code/exif/
