FILE: o41078a5.tif
TYPE: TIFF

[Exif IFD0 - 0x00fe] New Subfile Type = Full-resolution image
[Exif IFD0 - 0x0100] Image Width = 4992 pixels
[Exif IFD0 - 0x0101] Image Height = 6763 pixels
[Exif IFD0 - 0x0102] Bits Per Sample = 8 bits/component/pixel
[Exif IFD0 - 0x0103] Compression = PackBits
[Exif IFD0 - 0x0106] Photometric Interpretation = RGB Palette
[Exif IFD0 - 0x0111] Strip Offsets = [6763 values]
[Exif IFD0 - 0x0115] Samples Per Pixel = 1 samples/pixel
[Exif IFD0 - 0x0116] Rows Per Strip = 1 rows/strip
[Exif IFD0 - 0x0117] Strip Byte Counts = 78 78 78 78 78 78 78 78 78 78 78 78 78 78 78 78 78 78 78 78 78 78 78 78 78 78 78 78 78 78 78 78 78 78 78 78 78 78 78 78 78 78 78 84 101 108 120 130 143 152 173 179 185 210 209 217 254 242 258 270 292 284 263 262 269 287 267 273 296 295 300 260 258 257 231 225 222 214 201 200 194 170 166 166 168 137 123 112 100 97 110 101 96 94 92 93 98 115 123 137 140 149 189 187 189 193 201 224 213 241 263 270 284 289 300 312 306 311 300 291 289 289 280 274 261 256 222 206 204 187 168 163 175 134 138 115 106 108 100 102 105 112 132 157 160 174 177 201 201 215 216 241 273 263 267 286 304 286 308 299 335 325 323 314 311 303 293 279 263 248 236 223 222 247 242 234 221 235 259 218 236 225 195 201 195 186 191 194 197 186 196 185 186 184 189 186 186 195 189 169 190 170 149 134 128 130 135 120 104 93 91 90 87 86 92 98 92 95 85 106 136 206 227 246 236 230 257 269 263 281 276 286 314 307 333 336 336 361 361 368 390 416 397 381 386 416 450 476 461 481 459 458 468 441 425 411 369 337 374 358 385 429 405 381 370 363 347 345 337 352 355 393 397 437 439 404 433 431 396 351 393 398 378 405 419 438 400 386 410 410 387 381 380 382 373 396 417 415 447 459 478 461 510 529 497 495 537 525 535 497 495 451 435 436 431 430 415 392 441 429 407 353 339 353 351 373 374 372 411 415 368 372 383 408 416 428 439 436 475 545 598 664 620 615 614 596 591 623 638 599 582 599 595 548 526 537 511 486 487 451 466 469 489 503 491 521 552 530 543 556 633 605 562 610 613 593 615 627 629 628 607 610 640 596 582 621 600 639 603 603 627 588 597 602 592 608 614 669 659 645 686 657 631 610 612 610 641 598 580 550 550 552 535 565 553 602 609 613 624 668 667 595 624 612 591 620 613 655 636 648 590 591 564 578 586 602 642 611 577 590 576 565 558 542 551 580 594 598 593 617 613 617 619 620 641 635 593 573 536 507 509 530 557 548 500 494 470 471 475 471 479 440 468 476 500 468 473 470 485 473 466 466 475 474 501 492 511 466 480 491 513 551 576 609 635 574 542 486 483 511 544 591 619 620 622 607 587 608 583 608 581 588 572 548 563 580 552 498 461 463 456 462 470 440 462 459 443 446 460 470 468 473 479 464 477 491 472 479 492 483 494 512 477 484 487 507 501 512 499 518 508 508 510 537 569 544 555 551 573 561 583 574 550 570 556 537 544 546 537 522 505 505 481 496 501 486 501 520 521 509 518 523 496 534 524 546 528 521 526 562 561 567 514 534 537 527 503 485 508 507 502 489 478 485 505 501 512 509 515 525 542 545 510 501 521 526 553 527 551 565 542 536 576 571 596 602 599 598 583 603 599 565 564 563 552 542 548 540 532 524 522 512 500 508 524 523 514 503 525 517 560 576 562 533 539 567 552 562 532 523 543 538 551 522 513 522 502 507 522 515 519 543 538 543 535 563 565 549 535 539 552 568 553 575 576 576 596 603 542 522 573 540 571 556 557 592 572 579 584 577 594 585 609 595 576 590 590 589 578 551 567 587 593 540 509 532 545 551 534 497 547 564 554 540 533 540 544 557 556 515 556 579 562 558 526 543 535 585 555 526 567 598 584 550 514 568 579 555 538 493 523 507 517 509 493 548 579 570 516 536 580 574 594 567 578 579 600 571 528 534 573 579 576 580 573 601 602 588 556 532 546 547 545 542 533 574 566 577 559 538 567 600 593 597 556 572 570 570 573 543 540 583 596 599 526 553 567 585 587 594 583 606 616 633 640 600 615 603 599 604 601 641 635 623 620 609 619 631 607 564 542 555 561 571 511 485 546 547 549 567 502 550 593 593 552 566 589 613 624 555 527 553 598 591 591 524 525 581 596 581 555 543 581 587 577 519 520 614 620 623 567 558 610 604 582 539 534 564 574 595 560 543 556 593 593 549 518 542 555 544 531 503 516 533 536 535 556 533 567 574 565 522 532 523 484 509 518 537 511 505 497 522 557 559 541 569 543 538 553 545 549 535 529 539 546 527 521 494 482 485 528 544 523 527 518 520 516 541 568 585 582 595 588 586 591 589 606 615 583 564 553 550 553 503 529 535 553 543 560 571 581 620 595 598 599 604 609 608 583 567 563 588 578 560 541 545 525 494 516 528 520 512 524 543 563 530 548 550 536 541 541 563 554 552 535 520 568 588 575 598 591 553 589 590 566 564 576 576 590 572 578 571 543 542 551 592 608 590 557 564 568 558 561 533 520 546 524 523 507 492 496 510 490 490 490 497 504 509 504 512 514 489 516 534 510 512 522 500 501 477 496 466 442 459 441 462 474 470 477 461 473 479 475 464 467 473 503 518 484 477 483 503 489 517 518 538 568 602 588 596 589 564 567 552 534 554 559 540 559 562 583 599 566 569 598 575 559 554 554 534 539 545 522 541 509 540 537 543 535 555 567 565 570 562 561 600 602 613 599 587 587 602 710 675 622 611 608 595 563 547 529 518 517 514 500 490 489 482 470 455 462 483 493 498 503 513 517 524 527 536 538 534 550 581 614 602 545 535 541 559 535 543 535 537 508 494 525 526 514 498 515 506 542 514 519 540 560 555 559 535 519 510 518 500 486 499 527 501 508 501 508 496 487 496 490 511 498 510 499 483 489 480 476 468 466 470 472 459 466 461 447 458 437 458 446 465 485 490 490 475 457 475 461 481 483 504 489 492 473 490 470 465 466 483 465 468 468 443 461 461 448 456 442 420 447 474 453 447 445 463 469 472 468 508 559 555 579 539 548 556 541 527 536 546 561 545 553 544 573 562 558 556 551 554 598 593 600 598 602 578 588 618 607 596 561 555 529 530 518 515 496 488 505 509 533 535 546 520 548 552 538 549 567 562 556 578 552 556 543 557 568 554 582 565 584 583 569 533 532 547 549 544 544 573 538 545 546 541 542 565 571 626 592 595 590 612 609 573 558 539 573 554 527 549 537 515 529 565 564 558 552 536 521 550 558 549 555 586 575 569 590 560 557 548 530 547 546 541 557 563 563 544 550 586 590 596 606 641 665 656 619 621 580 588 603 621 652 617 597 614 597 609 566 587 593 586 630 655 631 657 617 586 603 598 580 588 568 579 572 562 570 580 581 607 637 595 606 596 618 607 591 605 584 606 549 547 576 581 605 623 598 583 601 575 592 578 564 553 528 545 590 594 577 593 584 598 620 608 575 546 528 536 536 517 498 516 498 536 578 556 550 532 547 553 552 535 543 553 531 499 516 501 535 491 492 518 504 487 494 485 493 503 497 504 505 510 482 484 493 501 522 532 531 534 532 541 554 555 562 569 537 556 542 552 544 555 541 532 517 521 505 476 524 470 477 468 502 504 518 522 511 509 511 516 511 510 540 549 569 558 547 537 541 545 543 539 536 544 551 553 531 538 499 491 476 517 495 489 497 484 481 473 472 488 489 487 513 504 491 489 484 468 471 470 465 477 489 482 477 466 461 493 503 508 505 527 514 496 506 523 530 513 541 518 532 519 506 505 495 483 475 498 493 481 480 468 479 481 477 509 511 528 500 503 469 486 482 490 519 503 508 500 519 540 541 548 541 542 511 540 531 551 532 527 524 558 526 552 563 542 565 571 572 579 561 586 611 600 575 599 621 626 573 585 560 535 476 497 500 478 478 489 483 476 487 511 486 489 487 480 522 568 572 565 608 597 579 610 619 638 649 666 650 628 597 589 567 589 599 625 636 611 602 558 529 535 547 546 545 530 546 519 514 525 521 545 537 529 521 507 495 510 510 523 529 537 599 577 543 560 552 548 537 538 541 534 539 521 523 514 512 523 545 533 557 542 535 526 526 536 525 527 518 530 536 546 529 528 528 538 542 537 549 554 565 591 591 599 587 572 563 566 586 599 597 593 602 609 606 593 612 622 588 611 599 610 593 585 626 610 633 652 631 640 607 630 616 634 641 638 666 640 618 635 641 624 646 664 634 642 639 640 640 646 654 642 623 641 640 673 674 633 640 635 621 626 634 621 629 620 603 606 635 620 631 596 584 557 585 620 650 624 624 627 632 640 653 650 691 699 651 627 616 607 628 580 586 572 552 565 574 553 565 578 560 545 519 545 586 603 580 593 550 530 533 527 524 524 525 533 543 527 545 528 552 545 554 543 569 549 555 550 565 599 586 581 579 568 566 598 576 576 602 609 606 607 620 605 596 586 585 551 537 547 559 574 579 577 583 587 600 592 598 602 586 593 580 588 589 605 622 628 610 585 591 576 584 549 570 557 562 566 567 555 563 577 604 591 614 595 603 611 638 608 604 611 617 615 620 654 645 620 621 631 645 629 642 633 625 635 650 647 667 651 630 666 619 650 633 627 645 628 593 595 627 614 602 608 606 637 616 591 637 641 644 635 630 624 628 639 671 698 692 672 687 676 645 645 652 657 680 673 674 674 687 688 657 668 688 685 703 710 717 718 740 729 728 714 701 680 669 684 691 686 695 694 695 715 714 715 730 718 709 720 751 741 720 708 763 765 785 762 759 779 744 745 749 744 744 751 740 725 707 706 728 730 788 795 790 800 784 793 782 800 784 798 785 782 769 772 784 777 798 818 822 823 829 825 817 807 799 804 791 778 760 817 819 830 873 837 831 806 834 863 841 871 845 854 895 901 870 874 873 881 870 877 896 885 859 860 831 856 883 863 852 837 871 836 861 861 850 855 870 868 843 832 806 806 793 787 785 780 781 770 777 743 774 739 756 802 787 794 788 797 775 782 726 725 740 722 711 710 711 699 703 684 712 750 751 744 721 707 724 708 744 740 761 736 734 736 720 709 722 712 710 694 714 684 697 718 693 683 675 705 711 730 745 718 706 707 716 705 678 698 706 720 688 663 723 737 683 678 692 715 749 723 736 739 729 712 706 694 692 698 698 661 637 641 634 660 650 674 682 710 692 656 641 648 634 634 673 655 670 644 659 663 697 708 677 648 675 670 655 685 667 666 660 689 662 658 646 625 642 647 660 674 683 654 634 637 654 625 626 636 659 624 648 658 650 624 656 660 647 654 642 680 663 674 691 696 687 661 653 654 649 672 680 665 650 675 655 641 667 675 690 646 649 635 658 679 668 667 666 654 632 613 657 666 667 652 680 648 665 633 642 634 654 683 680 672 660 660 651 635 665 652 637 655 638 671 639 631 619 610 610 604 621 623 604 626 631 651 641 635 630 623 647 647 645 621 603 580 596 566 577 569 587 561 568 561 574 586 571 550 568 575 555 581 570 582 596 577 575 577 558 544 545 538 558 544 562 574 575 561 585 600 580 567 584 563 569 582 604 569 586 545 509 527 529 529 521 514 517 520 537 565 554 538 560 581 575 573 544 561 587 582 594 606 573 562 572 549 517 530 511 519 534 546 520 539 531 566 544 540 561 556 602 572 567 573 570 584 546 546 555 538 561 558 553 534 529 499 547 557 580 625 588 602 593 590 590 598 577 553 553 562 574 568 564 521 575 584 573 553 556 533 560 558 576 540 569 601 570 567 551 529 523 534 547 556 562 591 548 536 557 549 554 545 543 548 563 548 533 549 562 578 592 614 620 587 601 608 639 650 650 617 580 590 613 621 573 591 589 611 610 594 604 594 603 558 585 561 569 548 574 595 578 569 572 591 619 610 627 616 625 656 668 691 663 664 638 614 667 655 720 727 690 654 641 672 612 582 617 607 563 566 586 591 578 536 519 536 531 538 533 519 532 526 547 534 547 547 541 574 536 520 534 550 538 533 532 536 539 573 576 581 565 512 486 482 484 479 502 531 517 529 531 535 561 551 581 584 566 592 551 543 530 547 543 510 530 557 543 538 555 548 543 530 540 554 557 532 564 588 630 619 611 615 598 568 560 528 522 529 539 553 557 560 550 534 513 519 511 524 547 532 538 529 544 519 556 528 503 536 541 547 552 552 552 552 566 562 576 543 534 566 548 588 567 597 600 597 594 590 604 606 594 608 588 604 612 608 593 577 590 599 599 597 574 569 583 566 580 575 541 558 575 543 530 549 536 563 510 538 538 545 551 520 529 529 501 521 524 539 549 531 530 547 545 531 561 575 555 550 546 548 547 545 554 518 537 536 546 534 539 549 543 558 591 580 602 583 589 598 577 574 578 556 593 617 599 626 643 630 625 635 634 641 631 652 652 641 633 615 616 620 647 629 669 653 659 653 662 669 652 633 625 639 613 604 591 603 600 595 596 595 598 604 604 631 641 624 630 634 621 617 609 640 646 648 637 582 578 576 581 607 607 611 580 563 555 575 591 553 535 564 572 578 573 586 575 571 558 576 601 576 600 586 611 604 593 591 587 581 605 603 619 582 564 563 585 573 563 586 585 567 584 593 583 573 569 563 573 572 588 580 574 578 576 563 538 559 555 572 555 573 608 595 604 598 608 624 659 613 601 603 624 619 588 614 600 616 597 607 593 606 595 587 562 555 567 602 574 584 602 586 608 596 576 533 576 554 578 580 570 579 589 580 580 593 582 602 611 631 607 610 647 614 585 590 558 588 585 588 553 551 556 590 576 584 614 637 631 636 667 668 679 652 668 657 672 648 652 630 669 661 626 648 671 645 643 625 638 613 622 606 621 638 616 643 622 622 639 643 617 632 608 627 631 621 621 652 611 628 598 590 599 608 638 626 644 620 635 647 674 646 641 660 661 638 708 704 699 716 725 694 713 725 722 741 748 772 761 720 717 726 715 702 705 708 679 709 728 731 712 744 748 730 697 689 661 683 677 696 691 695 689 697 680 681 681 685 715 696 695 711 703 698 685 717 721 693 688 676 696 700 718 727 731 723 733 730 754 735 742 735 747 720 686 719 722 747 749 741 748 743 728 735 760 768 739 747 753 746 716 717 731 708 727 709 730 721 745 737 720 682 702 728 749 736 732 735 718 719 720 738 737 758 762 766 743 762 763 738 753 745 729 715 735 713 739 748 799 765 759 762 747 763 769 785 776 777 773 772 766 777 790 758 794 798 811 805 768 755 755 741 744 756 753 739 738 732 729 721 726 710 693 735 745 749 759 743 726 737 750 742 769 747 756 748 753 720 705 695 719 716 726 710 725 731 728 748 721 719 743 741 743 738 720 703 716 730 694 711 719 755 744 759 763 750 746 747 732 737 720 697 685 669 687 682 669 684 693 705 690 690 678 674 683 659 677 693 670 666 668 662 666 666 688 683 684 698 716 722 709 715 688 712 699 708 692 695 681 657 650 669 655 662 654 669 688 696 693 694 705 733 728 718 735 706 695 736 706 699 720 714 724 729 706 690 688 668 716 711 721 707 724 715 709 719 718 709 728 693 730 734 725 733 736 744 762 766 760 748 769 778 777 783 762 743 720 738 702 684 681 676 720 716 740 751 741 705 731 731 732 720 746 718 722 689 693 715 713 748 753 739 763 801 798 784 754 810 790 803 778 750 746 738 733 754 743 708 741 754 747 734 712 734 706 697 727 715 720 733 741 732 710 724 723 725 742 744 726 733 759 771 745 742 748 739 738 740 767 772 760 767 786 789 784 770 779 784 808 788 778 811 818 820 831 810 822 825 837 827 802 835 831 807 816 799 814 814 828 818 804 806 806 815 805 790 810 796 787 789 779 767 784 794 794 787 823 832 833 833 826 819 847 842 828 869 869 869 856 901 872 872 865 876 918 913 957 929 943 887 896 866 877 868 872 882 922 937 854 853 832 832 854 828 810 797 778 808 855 836 836 814 792 807 798 780 807 800 805 786 801 807 817 839 838 819 815 796 800 790 782 765 778 762 789 778 791 790 815 818 783 806 799 791 794 774 789 779 785 805 777 784 806 812 800 797 795 810 799 811 804 811 812 822 827 836 821 801 780 786 799 794 813 791 804 805 783 763 770 784 777 764 764 782 778 760 760 783 769 767 753 736 753 769 755 742 766 756 757 757 776 771 772 772 772 766 760 780 773 785 785 797 820 821 841 850 840 833 818 829 817 818 826 824 828 810 833 795 818 813 803 829 819 838 830 831 825 817 839 834 841 855 817 823 837 818 836 835 836 814 832 823 823 824 819 846 860 875 874 913 918 892 880 919 892 868 893 883 903 923 928 932 915 932 888 864 836 866 847 844 842 838 820 853 856 844 842 870 853 870 855 879 866 852 844 887 894 894 906 920 904 883 900 921 920 876 910 884 885 847 856 891 919 902 907 886 887 914 875 861 859 877 874 875 858 863 863 858 869 881 857 858 865 855 876 876 904 911 924 915 928 930 931 928 907 889 906 907 916 898 902 890 893 895 902 912 904 890 881 907 906 924 905 908 901 912 920 946 951 949 940 920 959 951 914 933 902 891 907 920 913 963 1004 968 963 959 992 993 994 1003 988 988 981 957 938 916 953 953 943 951 956 994 980 977 964 981 982 990 973 964 994 952 950 898 878 894 913 915 898 894 916 895 892 903 902 911 937 937 947 938 938 903 877 888 915 883 878 904 895 949 918 942 920 939 910 937 914 959 975 972 950 959 976 977 982 989 992 951 944 952 943 972 995 977 967 956 959 963 986 961 967 953 981 975 998 990 974 939 928 934 935 933 968 942 940 917 926 976 956 968 947 987 953 940 911 931 932 930 942 922 952 950 944 954 967 973 989 945 950 915 942 962 946 950 959 954 919 934 924 946 928 918 909 929 869 885 901 961 910 938 940 945 972 965 979 1001 1028 1025 987 1022 992 972 950 942 966 963 934 957 958 967 958 916 944 968 975 953 938 931 908 932 928 931 935 958 945 927 929 949 935 936 947 948 946 928 932 970 930 909 903 901 893 894 898 914 905 911 893 896 867 881 858 893 874 874 909 898 919 932 904 892 940 895 900 898 910 880 892 866 893 933 927 923 937 930 922 931 945 918 913 918 901 898 918 926 907 902 921 911 887 912 912 897 897 880 869 896 882 901 883 897 904 916 883 894 895 896 890 911 894 900 924 900 890 927 905 920 946 933 941 922 899 906 899 897 903 936 918 919 917 913 895 926 929 929 902 909 892 886 863 911 930 890 895 911 915 905 887 879 893 889 897 902 913 905 883 866 889 890 941 955 959 960 968 964 963 946 957 952 978 977 977 938 927 949 921 902 911 886 891 890 899 886 912 905 930 938 945 929 925 918 936 919 912 879 899 890 892 897 907 898 853 873 864 851 863 876 877 894 920 911 900 917 943 949 913 912 924 900 893 893 909 904 919 906 884 887 888 904 888 877 864 872 875 876 882 877 899 906 919 914 919 920 925 921 886 885 866 905 949 913 931 906 924 910 908 916 948 983 980 950 943 932 955 942 931 935 915 932 925 923 903 954 933 916 929 882 885 867 891 947 970 978 984 965 937 958 957 943 940 976 961 955 923 920 949 951 934 933 939 933 908 916 915 937 941 983 957 956 937 926 923 920 933 962 933 949 926 917 907 910 901 904 902 886 889 920 906 925 913 898 891 894 932 931 943 915 916 914 922 914 902 875 892 904 937 907 902 927 926 918 944 937 930 940 959 924 929 917 910 907 905 910 905 929 952 962 956 943 914 920 916 918 925 923 945 946 947 923 922 930 961 959 940 974 939 952 964 948 934 952 964 954 972 946 958 946 952 959 961 953 973 965 958 952 934 930 950 947 948 937 932 927 925 946 939 935 927 932 937 921 906 907 922 896 900 911 913 951 931 921 925 903 901 916 910 889 893 910 889 901 897 883 894 908 897 878 862 883 864 869 877 889 877 846 837 820 825 866 847 844 838 838 836 829 845 847 849 859 879 819 842 839 824 830 807 830 821 813 806 850 844 854 841 841 842 866 842 859 858 877 914 902 842 860 888 895 889 869 906 870 855 836 846 862 879 868 858 869 880 886 860 883 880 906 903 900 891 933 920 920 932 891 878 929 935 948 937 918 977 971 952 917 878 932 903 926 906 905 954 953 935 922 936 954 910 948 940 933 921 962 915 916 916 969 961 902 915 961 942 959 919 941 967 962 959 962 950 937 978 972 967 952 974 983 983 951 941 934 929 928 950 953 1009 993 1000 985 996 986 1053 1045 1033 1010 1051 1049 1085 1061 1046 1043 1050 1033 1064 1076 1079 1062 1118 1153 1137 1137 1146 1146 1157 1155 1169 1143 1156 1175 1151 1086 1074 1066 1115 1075 1099 1099 1112 1213 1170 1173 1123 1111 1135 1159 1198 1187 1203 1223 1201 1191 1143 1173 1199 1226 1193 1159 1186 1234 1243 1143 1113 1141 1182 1224 1205 1153 1134 1138 1172 1186 1148 1155 1215 1232 1225 1178 1184 1201 1225 1212 1206 1209 1216 1192 1187 1169 1192 1203 1151 1126 1134 1166 1148 1117 1069 1090 1109 1087 1067 1009 1056 1029 1077 1020 1004 1021 1006 994 993 947 934 971 971 969 993 983 974 984 990 992 934 938 966 970 985 969 1003 1000 1026 1039 1061 1026 1017 1027 1018 1013 1023 1013 1026 1040 1070 1000 977 999 985 971 959 1003 1015 966 999 1008 1020 976 968 998 991 992 947 989 981 942 960 956 918 912 968 964 1005 1009 975 940 958 931 909 957 925 966 963 956 984 981 1006 987 1010 1017 986 1012 1010 1041 1027 1029 1005 1020 973 979 1014 1010 1043 1020 1007 979 963 957 973 971 981 968 990 1007 1006 978 966 993 979 955 970 973 985 973 946 979 953 963 975 989 970 948 970 988 993 986 1025 992 990 996 970 980 950 960 976 959 967 975 973 964 981 944 937 957 967 956 977 935 963 956 948 978 940 968 939 933 938 942 907 922 958 966 971 981 969 980 961 989 1004 989 961 1012 994 990 981 987 1003 1031 994 989 977 984 981 1015 1015 981 1015 1011 973 962 992 1030 992 1008 1022 1014 1010 985 1048 1028 1013 990 985 974 966 977 994 999 1016 1001 989 999 970 953 977 1001 1000 987 992 979 997 995 1007 964 993 953 950 984 1014 982 1005 1001 983 981 994 997 1026 1039 1026 1003 1004 1027 1020 1041 1050 1036 1077 1024 1001 988 991 1008 1014 1019 992 996 1026 975 975 969 957 957 946 940 942 966 975 957 969 924 945 954 956 994 960 956 926 928 948 923 884 894 874 877 926 891 914 928 930 910 925 949 987 975 980 979 998 1000 1000 988 1003 982 978 958 912 929 961 938 921 929 930 966 957 962 981 1009 980 965 989 964 949 958 941 999 998 953 973 1003 1015 1003 1005 1014 989 990 1011 1016 1002 1014 980 991 995 1032 1015 996 1013 985 1006 1025 1039 1013 1003 992 1019 1004 991 1024 1002 1022 986 1020 1026 1023 1019 992 1080 1047 1026 1055 1082 1073 1060 1022 1041 1030 1047 1079 1061 1105 1084 1082 1083 1125 1084 1068 1067 1105 1092 1130 1104 1098 1133 1124 1073 1093 1079 1126 1108 1114 1117 1095 1068 1069 1095 1112 1082 1043 1084 1071 1060 1081 1107 1073 1070 1046 1069 1072 1098 1093 1096 1114 1099 1112 1142 1090 1098 1072 1121 1077 1080 1098 1119 1096 1102 1069 1078 1102 1079 1105 1094 1078 1094 1088 1065 1058 1067 1086 1072 1065 1080 1057 1046 1096 1092 1088 1087 1080 1054 1077 1066 1062 1059 1063 1043 1054 1062 1066 1093 1038 1059 1017 1076 1064 1074 1087 1104 1081 1066 1085 1090 1117 1054 1052 1104 1149 1125 1101 1096 1097 1078 1149 1137 1120 1143 1109 1116 1078 1106 1105 1095 1081 1069 1079 1117 1095 1135 1117 1120 1135 1199 1201 1220 1187 1202 1167 1168 1159 1109 1113 1105 1096 1122 1126 1142 1168 1194 1218 1210 1124 1162 1184 1201 1161 1206 1206 1196 1177 1102 1121 1139 1098 1126 1130 1133 1150 1112 1108 1110 1113 1132 1134 1095 1076 1139 1069 1091 1094 1091 1113 1115 1116 1086 1121 1079 1087 1086 1075 1111 1054 1096 1114 1114 1061 1064 1065 1049 1074 1083 1072 1047 1000 1055 1079 1020 1043 1043 1055 1035 1002 1008 1011 1039 1002 1047 1052 1076 1040 1046 1028 1043 1084 1068 1060 1053 1022 1009 990 1028 1014 1035 1048 1054 1011 997 960 972 971 993 1017 979 982 975 999 968 952 955 960 955 1000 942 957 975 989 986 988 972 980 1006 957 992 989 950 928 936 935 940 980 992 984 981 975 1026 1014 1025 1030 977 937 989 1003 1033 1033 999 1016 952 980 966 968 953 952 946 963 933 976 966 1002 986 982 1029 1029 1030 1042 1049 1070 1091 1082 1072 1016 1027 974 957 917 877 914 910 927 896 888 912 893 911 873 853 876 869 904 830 856 856 835 862 892 923 909 887 908 914 902 912 905 858 876 904 884 886 890 912 937 903 931 950 928 927 925 902 887 902 900 902 892 892 894 887 904 899 954 922 933 934 962 973 952 933 954 911 946 946 985 970 981 942 897 885 878 908 916 925 942 912 886 883 906 895 828 886 876 861 867 857 883 878 923 928 906 906 852 842 839 849 877 837 842 849 874 887 882 861 870 829 844 897 888 883 865 857 876 842 881 908 902 866 827 813 816 804 811 822 841 845 838 844 793 784 838 859 893 893 871 890 865 847 847 855 829 867 869 852 868 869 870 874 887 882 858 827 853 851 834 844 851 837 802 829 825 866 822 843 857 831 823 863 850 837 858 825 843 842 862 859 863 881 832 835 875 909 873 846 861 828 816 831 846 828 857 894 859 878 913 943 890 887 819 859 911 885 895 902 863 864 832 830 840 847 842 834 825 806 781 820 744 850 848 840 858 898 875 852 835 826 827 827 816 802 812 809 832 852 891 902 877 896 951 955 926 989 965 965 997 1003 978 974 1037 1001 1001 940 890 923 933 907 945 939 928 936 967 977 959 919 861 880 891 856 876 898 878 855 873 854 854 898 862 910 888 921 899 914 866 852 835 862 880 874 847 827 867 854 867 825 866 893 910 947 939 933 928 910 920 921 897 963 955 945 966 948 956 899 837 842 849 827 826 818 809 832 837 857 875 856 845 853 780 805 823 799 820 789 810 822 802 808 799 790 791 760 732 765 737 758 801 829 818 827 859 874 867 902 865 849 853 855 822 824 803 784 801 831 836 872 858 850 829 818 832 824 834 859 854 865 915 906 898 880 908 892 934 910 875 911 904 911 872 890 856 914 912 884 886 885 917 949 925 919 924 928 956 963 904 891 869 886 892 877 863 863 906 907 896 912 883 917 865 882 888 882 922 965 976 972 985 1041 1016 957 973 961 929 947 988 995 1026 1001 1026 1037 1046 1017 1012 1043 1006 996 1028 1032 1047 1046 1066 1075 1046 1002 1027 1097 1108 1095 1020 1022 989 1006 1019 1037 1015 1015 1071 1057 1002 985 942 940 926 936 959 1017 977 978 957 942 959 942 960 983 957 964 968 929 987 988 1009 1038 1004 987 986 973 968 962 981 1009 1036 1044 1020 1063 1022 1043 1019 1029 1015 1086 1099 1135 1145 1120 1112 1117 1122 1141 1141 1128 1092 1078 1087 1051 1057 1048 1048 1084 1053 1045 1047 1035 1045 1058 1066 1114 1107 1089 1097 1121 1124 1083 1111 1113 1065 1007 1025 1047 1061 1034 1073 1075 1068 1037 1068 1086 1091 1085 1103 1128 1138 1152 1101 1103 1130 1115 1077 1050 1075 1103 1119 1081 1088 1070 1102 1062 1081 1078 1084 1114 1116 1088 1106 1154 1086 1121 1066 1028 1069 1071 1073 1075 1047 1103 1073 1071 1041 1043 1034 1022 995 1029 1040 1011 971 985 963 1004 971 1035 1071 1015 1033 1043 1040 1036 1053 1050 1077 1061 1048 1066 1073 1045 1039 1072 1053 1028 1014 1044 1031 1025 1016 1025 1029 1015 1040 1078 1005 1041 1030 1063 1086 1106 1091 1057 1034 1031 997 986 1007 1010 1042 1047 1049 1071 1095 1054 1032 1029 1048 1052 1034 1012 998 1031 1018 1013 997 1031 1054 1109 1110 1130 1164 1163 1149 1135 1097 1070 1098 1097 1100 1122 1096 1105 1080 1071 1086 1078 996 971 975 942 941 938 915 900 917 936 973 946 956 943 952 968 1010 1032 970 1018 993 972 996 965 972 1012 989 1031 1065 1018 1016 1002 972 904 887 881 830 781 780 780 775 758 753 691 730 701 681 701 706 696 667 651 701 676 667 666 673 626 613 613 584 581 568 522 515 546 560 554 553 526 485 492 456 413 371 380 360 353 350 293 272 256 289 277 297 265 256 264 270 273 273 292 316 286 256 243 244 249 262 286 292 312 310 308 323 338 341 352 357 363 327 332 332 334 335 412 411 413 455 485 466 426 421 421 357 346 312 287 278 274 268 255 232 235 245 275 294 283 244 249 235 218 195 170 159 141 162 154 133 129 129 148 134 156 156 134 113 136 156 197 220 223 223 293 337 368 385 384 410 400 456 530 537 543 581 602 642 647 626 622 580 592 639 563 536 485 498 452 430 427 432 388 331 341 340 326 312 316 321 272 240 267 261 261 250 269 234 223 226 222 229 244 254 236 232 228 246 264 294 325 370 421 378 394 403 423 396 386 404 423 396 429 408 428 437 422 396 338 351 332 378 357 342 302 264 271 265 247 195 196 227 212 194 229 189 168 136 128 137 149 149 158 174 198 226 256 284 317 337 371 371 373 437 460 481 507 521 509 495 497 538 541 526 577 540 502 538 483 484 400 394 389 335 323 318 248 244 230 250 232 219 189 192 210 232 251 265 246 244 249 270 273 287 333 376 380 376 379 377 396 408 422 404 392 433 417 441 404 393 411 420 410 377 384 349 363 359 344 339 316 335 355 331 297 269 235 232 268 274 320 360 369 430 469 484 463 431 438 484 527 506 525 554 535 515 529 476 423 382 377 341 299 308 308 263 247 220 230 235 202 218 249 281 308 314 357 367 415 449 486 503 516 535 560 581 635 606 588 538 510 496 450 400 390 367 336 299 288 249 238 225 219 183 150 113 86 89 86 94 90 94 94 94 92 94 94 94 88 96 95 97 105 121 137 155 170 163 146 155 156 150 150 148 159 168 151 149 143 141 115 109 114 138 150 178 222 256 254 289 322 340 351 368 426 457 473 480 473 488 500 469 467 482 478 448 455 430 404 391 350 324 283 250 211 175 143 128 106 97 110 110 134 167 180 183 212 253 287 281 328 324 344 357 377 418 444 465 465 478 479 456 446 448 410 390 335 307 254 241 224 235 243 242 235 245 258 271 296 318 365 408 427 463 507 569 636 697 711 735 766 761 792 753 724 718 689 650 635 554 527 480 492 491 453 431 436 419 409 397 402 398 417 389 414 407 408 410 440 503 571 592 608 640 635 649 579 573 622 649 700 659 649 628 656 696 710 681 692 674 667 624 614 589 560 530 524 517 517 503 531 523 515 530 568 565 576 601 594 609 601 597 594 607 627 604 606 594 573 528 502 515 497 428 431 428 399 428 432 430 462 484 527 534 556 581 579 616 566 564 574 559 566 546 534 540 541 491 484 443 405 372 357 323 313 296 293 257 249 216 205 195 167 142 132 111 100 95 99 101 111 141 160 186 204 221 231 243 257 263 274 287 290 306 308 323 333 337 354 334 340 330 314 292 273 259 239 223 196 187 169 140 123 114 144 169 178 190 204 227 248 263 286 277 311 326 321 330 340 367 333 348 322 296 291 278 258 220 222 201 191 182 168 151 145 125 108 92 96 106 110 109 128 146 198 218 242 237 285 320 338 339 345 363 350 342 334 325 304 284 254 240 195 188 148 132 128 119 121 105 92 82 78 78 78 78 78 78 78 78 78 78 78 78 78 78 78 78 78 78 78 78 78 78 78 78 78 78 78 78 78 78 78 78 78 78 78 bytes
[Exif IFD0 - 0x011a] X Resolution = 72 dots per inch
[Exif IFD0 - 0x011b] Y Resolution = 72 dots per inch
[Exif IFD0 - 0x011c] Planar Configuration = Chunky (contiguous for each subsampling pixel)
[Exif IFD0 - 0x0128] Resolution Unit = Inch
[Exif IFD0 - 0x0140] Unknown tag (0x0140) = [768 values]
[Exif IFD0 - 0x830e] Pixel Scale = 2.438 2.438 0
[Exif IFD0 - 0x8482] Model Tie Point = 0 0 0 698753.305 4556059.506 0

[GeoTIFF - 0x0400] Model Type = Projected
[GeoTIFF - 0x0401] Raster Type = PixelIsArea
[GeoTIFF - 0x0c00] Projected Coordinate System Type = WGS84 UTM zone 17N
[GeoTIFF - 0x0c01] Projected Coordinate System Citation = UTM Zone 17 N with WGS84

[File Type - 0x0001] Detected File Type Name = TIFF
[File Type - 0x0002] Detected File Type Long Name = Tagged Image File Format
[File Type - 0x0003] Detected MIME Type = image/tiff
[File Type - 0x0004] Expected File Name Extension = tiff

[File - 0x0001] File Name = o41078a5.tif
[File - 0x0002] File Size = 4724098 bytes
[File - 0x0003] File Modified Date = <omitted for regression testing as checkout dependent>

- Exif IFD0
    - GeoTIFF
- File Type
- File

Generated using metadata-extractor
https://drewnoakes.com/code/exif/
