FILE: o41078a4.tif
TYPE: TIFF

[Exif IFD0 - 0x00fe] New Subfile Type = Full-resolution image
[Exif IFD0 - 0x0100] Image Width = 5002 pixels
[Exif IFD0 - 0x0101] Image Height = 6770 pixels
[Exif IFD0 - 0x0102] Bits Per Sample = 8 bits/component/pixel
[Exif IFD0 - 0x0103] Compression = PackBits
[Exif IFD0 - 0x0106] Photometric Interpretation = RGB Palette
[Exif IFD0 - 0x0111] Strip Offsets = [6770 values]
[Exif IFD0 - 0x0115] Samples Per Pixel = 1 samples/pixel
[Exif IFD0 - 0x0116] Rows Per Strip = 1 rows/strip
[Exif IFD0 - 0x0117] Strip Byte Counts = 80 80 80 80 80 80 80 80 80 80 80 80 80 80 80 80 80 80 80 80 80 80 80 80 80 80 80 80 80 80 80 80 80 96 120 137 138 132 134 131 122 113 119 140 164 157 165 168 195 212 219 217 243 226 277 294 310 306 322 353 323 320 293 295 323 340 349 369 369 368 349 306 305 299 289 281 233 254 238 202 217 200 197 167 195 203 213 223 225 216 229 223 206 219 223 212 191 208 199 192 219 231 221 236 237 225 231 240 288 312 336 352 344 328 370 371 347 324 337 327 336 327 323 287 281 265 251 245 219 216 189 170 179 156 142 149 155 146 148 149 155 178 191 211 229 245 234 241 261 276 294 293 260 253 294 293 280 301 315 332 340 336 341 325 310 279 258 251 247 259 227 232 222 212 206 197 211 211 194 200 212 199 202 215 208 211 218 234 230 197 204 188 195 188 172 196 186 192 167 186 189 194 179 163 175 171 169 166 160 151 148 145 126 112 118 113 112 115 117 134 162 160 185 200 192 200 216 229 253 241 226 249 249 298 298 300 319 303 317 291 291 319 335 317 327 350 373 390 409 397 381 381 387 369 344 334 330 314 323 360 332 384 365 364 360 364 340 343 348 372 371 364 373 413 442 422 410 394 418 485 474 498 499 490 511 539 520 527 538 594 608 591 579 586 584 595 598 631 646 650 722 705 722 699 729 727 773 792 727 742 725 737 733 715 694 712 708 701 747 694 715 691 699 681 691 666 652 675 664 694 691 715 708 733 716 708 742 707 687 690 707 722 763 739 725 773 769 796 849 835 843 829 823 879 908 896 900 881 896 890 925 841 879 955 959 934 915 891 925 901 907 885 932 895 894 875 855 892 918 965 987 981 967 950 997 941 979 979 968 953 942 938 942 978 971 982 954 943 932 944 913 892 918 936 934 924 906 934 926 955 930 917 914 905 893 892 897 908 920 906 904 887 882 896 879 874 870 863 884 912 912 948 923 905 904 919 932 937 926 947 966 945 966 973 952 978 964 967 953 957 959 945 963 964 960 977 973 969 961 970 1030 1035 1023 1002 1029 1050 1055 1063 1073 1098 1064 1036 1063 1062 1062 1078 1069 1085 1106 1085 1103 1110 1115 1122 1144 1121 1123 1129 1127 1070 1118 1089 1067 1072 1075 1095 1083 1076 1088 1078 1080 1067 1051 1070 1085 1077 1050 1027 1029 1014 1033 1029 1054 1022 1010 1011 1001 1025 1007 1021 1018 1024 1049 1024 1020 994 1012 1019 1016 996 996 1024 1035 1025 996 989 1002 979 976 981 985 988 969 985 1017 1022 1003 994 1002 1003 997 997 993 999 985 1033 1025 1035 1054 1070 1055 1074 1063 1062 1051 1059 1073 1049 1016 1029 1017 999 974 1025 1010 1032 1050 1110 1098 1128 1112 1102 1135 1134 1116 1144 1110 1121 1087 1070 1037 1066 1085 1068 1058 1057 1019 1018 1025 1027 1010 1020 1052 1066 1033 1042 1039 1027 1047 1038 1018 1020 1016 1020 1020 1013 1011 1010 1053 1048 1041 1042 1078 1051 1042 1019 1042 1002 1020 1026 1059 1054 1028 1023 1050 1010 1030 1003 1007 1035 1045 997 1003 1020 992 971 1001 997 978 991 988 1005 995 1016 1016 981 978 991 986 1016 1002 992 1000 986 994 1048 1002 997 1017 1025 1039 1045 1052 1039 1033 1060 1042 1030 1028 1038 1046 1037 1034 1053 1056 1046 1034 1044 1047 1042 1068 1052 1038 1045 1049 1034 1039 1057 1030 1028 1023 1070 1055 1016 1011 1008 1027 1034 1050 1047 1039 1047 1045 1053 1054 1049 1067 1094 1069 1072 1051 1040 1068 1061 1084 1087 1084 1066 1075 1078 1075 1076 1074 1063 1055 1034 1035 1049 1037 1010 1020 1032 1025 1024 1033 1019 1021 1024 1001 983 969 984 974 991 983 1012 991 991 971 977 973 983 972 958 970 974 964 957 961 963 961 961 978 975 977 967 984 984 998 1008 965 928 937 953 963 991 996 990 993 981 949 957 951 952 944 944 938 936 937 910 910 922 922 910 926 909 910 910 921 934 928 945 951 954 944 949 914 909 916 929 916 921 904 922 879 887 893 928 940 919 903 898 899 916 899 922 951 923 889 905 902 905 919 883 850 868 891 892 872 881 877 886 937 892 888 871 872 871 851 829 844 832 828 850 846 866 870 867 877 883 835 840 814 879 841 854 835 825 828 873 854 887 859 886 906 900 925 911 915 905 901 910 889 887 883 899 871 886 893 863 887 878 883 894 881 896 891 863 870 893 898 917 885 870 913 902 912 904 920 907 895 917 903 912 911 886 907 919 916 889 898 898 927 933 917 906 900 912 871 903 908 940 958 967 954 968 943 1009 1024 1013 1010 977 975 972 969 966 989 1005 989 961 1016 998 960 970 992 972 1004 1020 1012 987 966 959 951 940 980 955 955 958 959 949 964 983 1012 1029 1012 1018 1020 1016 1016 1042 1061 1104 1078 1024 1008 1036 1024 1010 991 1007 1022 1017 1006 981 992 992 999 992 969 962 993 983 978 986 1028 1012 991 1004 992 960 949 959 958 953 933 967 969 964 947 940 982 973 984 1008 985 978 996 965 987 996 1007 1021 1051 1038 1065 1067 1043 1028 1019 1037 1054 1038 1027 1016 984 1017 1007 1033 1076 1126 1133 1103 1068 1092 1036 1089 1067 1060 1095 1079 1061 1084 1107 1057 1076 1057 1088 1060 1068 1063 1082 1010 1035 1027 1031 1035 1011 1018 1031 1026 1032 1042 1039 1013 1003 999 991 983 1002 990 1029 1019 1007 1007 989 981 986 1015 1003 1005 973 990 985 1006 977 998 997 1002 962 969 962 982 998 979 995 997 999 1017 1004 990 996 1008 1017 1021 999 959 973 996 1012 1006 1006 998 1016 994 1011 1008 1007 989 999 1007 1015 1021 1025 1020 1023 1013 981 982 961 963 1008 982 973 984 979 977 1000 991 977 985 974 982 975 986 980 984 972 970 1022 1018 969 999 1011 1022 1037 1094 1083 1068 1117 1123 1123 1122 1106 1145 1153 1090 1084 1041 1029 1057 1093 1067 1061 1049 1031 1046 1048 1068 1076 1051 1051 1042 1037 1039 1059 1063 1054 1046 1041 1023 1023 1014 1030 1010 1009 1025 1028 1006 985 1015 1008 1009 1000 969 983 977 1027 1012 1031 1065 1087 1049 1037 1051 1030 1036 1052 1051 1048 1038 1054 1046 1043 1058 1068 1076 1089 1091 1107 1139 1133 1140 1127 1129 1150 1122 1155 1155 1142 1128 1141 1112 1105 1115 1115 1125 1102 1090 1112 1099 1099 1130 1118 1092 1084 1107 1099 1091 1099 1101 1107 1117 1114 1087 1069 1062 1076 1072 1067 1039 1054 1014 1022 1011 1026 1016 1013 1014 1021 1013 1026 1036 1020 992 989 1006 1003 1006 977 1004 1029 1016 994 999 1025 1044 1061 1052 1038 1053 1075 1082 1053 1063 1072 1024 1047 1035 1024 1016 1020 1026 1038 992 1004 1006 1014 1018 1003 968 963 985 1016 979 991 1000 963 1010 978 973 978 990 996 989 996 1032 1040 1025 1042 1043 1050 1038 1032 1047 1035 1036 1057 1063 1019 1035 1038 1046 1068 1066 1058 1062 1042 1050 1025 1019 1011 1045 1101 1098 1098 1114 1088 1127 1113 1085 1095 1066 1082 1082 1079 1064 1010 1047 1052 1064 1084 1049 1046 1059 1020 1013 1041 1027 1023 1024 1028 1022 1031 1009 1018 1015 1025 1021 1017 1016 1004 1002 1012 1029 1022 1013 979 1019 1030 1018 1024 1050 1036 1033 1038 1036 1062 1065 1068 1054 1045 1047 1069 1071 1078 1060 1063 1041 1060 1054 1043 1070 1041 1055 1018 1044 1056 1057 1045 1040 1053 1036 1062 1011 1036 1018 1033 1071 1072 1070 1056 1065 1056 1056 1015 1006 1024 1019 1036 1010 1006 1015 1025 1038 1050 1021 1022 1031 1028 1023 1012 1009 1022 1020 1030 1036 1019 1044 1030 1042 1076 1062 1048 1045 1036 1039 1049 1041 1047 1026 1055 1044 1031 1015 1002 992 987 1049 1041 1069 1061 1064 1050 1026 1018 1019 991 974 1003 989 1000 1010 978 1008 1000 1033 1015 1019 998 1000 1024 984 984 1005 1039 1008 1005 1064 1062 1078 1063 1032 1030 1033 1037 997 1018 987 983 1004 1011 1032 998 1017 1007 983 1010 993 976 991 996 975 961 974 971 970 1005 1008 1037 1053 1050 1049 1033 1022 1053 1064 1057 1026 1032 1030 1071 1057 1015 1020 1052 1061 1036 1008 991 996 1006 989 1003 986 986 980 1039 1005 1026 1021 1052 1041 998 983 945 958 938 956 947 951 987 955 948 967 961 974 973 979 974 968 976 952 983 998 1003 947 955 897 906 905 904 938 913 934 971 966 976 952 998 959 918 917 926 905 906 932 920 878 904 931 918 928 950 966 968 962 936 918 909 929 916 924 914 925 947 945 956 964 957 942 938 934 922 926 936 897 871 903 940 942 929 897 896 884 900 889 887 843 863 849 846 814 804 835 818 835 832 851 855 856 828 845 836 856 857 867 842 822 837 831 829 827 830 826 809 787 799 790 811 830 823 812 821 834 821 808 816 805 791 791 790 815 784 779 803 819 835 826 826 847 869 857 868 879 858 859 877 853 882 877 856 844 830 840 827 841 857 888 880 874 861 908 911 923 916 890 866 872 847 812 860 874 839 812 807 811 823 853 818 811 839 895 860 840 863 909 882 950 901 926 926 935 883 887 879 869 855 838 832 829 834 843 850 860 818 832 836 860 845 860 841 838 860 842 801 791 799 786 778 789 793 803 811 802 825 810 804 794 792 766 786 812 830 851 807 814 802 816 844 852 812 839 809 784 795 780 779 808 801 840 799 783 792 786 820 772 770 762 804 831 835 817 827 821 793 797 807 815 770 747 796 788 772 839 810 820 819 798 801 831 815 823 802 813 787 753 759 832 786 827 776 776 807 796 782 797 787 780 777 773 779 781 788 816 823 848 825 820 826 849 809 812 816 800 801 804 816 822 881 889 913 889 840 806 805 829 852 890 931 871 913 908 926 896 936 958 907 910 946 954 950 921 876 955 941 942 940 954 961 958 980 959 919 929 910 970 964 954 941 944 955 976 938 944 903 934 916 932 912 905 895 884 914 913 915 995 996 1002 998 985 953 968 1034 975 996 979 998 985 962 967 985 970 1022 1060 993 964 976 947 916 924 910 920 957 968 964 965 971 996 979 972 976 1009 981 998 986 959 929 943 977 945 976 980 950 948 936 942 969 956 981 960 948 960 972 902 912 875 919 940 941 924 942 923 898 896 897 904 906 895 905 917 887 888 869 827 845 863 865 836 834 823 817 815 785 797 789 795 785 833 857 855 850 890 891 880 890 894 864 866 849 862 854 856 834 852 834 842 877 855 829 820 853 861 868 814 856 824 814 802 800 806 822 776 792 775 782 816 803 790 792 744 746 775 793 750 779 774 754 756 723 731 738 736 757 726 730 752 807 829 779 772 769 749 741 729 718 755 742 757 774 736 795 775 769 784 796 804 811 770 731 751 768 760 742 750 725 744 778 761 740 756 772 713 713 749 785 759 777 746 756 790 825 790 815 801 855 841 824 827 851 892 885 883 893 917 890 893 901 882 854 875 886 875 866 869 887 913 885 931 892 872 875 876 873 880 905 878 885 887 899 861 849 833 797 765 779 773 770 804 787 819 863 853 853 814 831 818 783 812 814 800 827 857 824 838 849 843 816 831 827 800 821 809 814 823 826 830 827 827 781 787 841 829 837 862 852 842 841 853 850 830 854 808 830 822 827 822 831 885 866 850 839 866 832 808 833 821 836 830 799 815 830 807 797 819 850 824 834 818 822 807 822 830 871 872 863 857 848 837 858 866 841 844 816 817 823 847 865 869 875 887 822 807 795 814 814 828 863 865 870 857 853 796 797 800 802 822 835 833 863 884 850 846 863 885 853 877 870 898 895 929 919 939 926 921 932 962 937 912 884 892 900 908 935 965 940 915 896 877 882 905 940 894 895 930 939 943 950 980 1016 983 968 1013 978 998 995 1002 992 1012 1075 1057 1111 1127 1103 1108 1070 1051 1076 1075 1034 1085 1098 1116 1131 1110 1127 1143 1139 1179 1166 1144 1115 1078 1093 1094 1083 1103 1050 1060 1070 1059 1070 1042 1030 1096 1103 1114 1126 1130 1138 1173 1129 1175 1184 1150 1178 1173 1167 1173 1206 1245 1193 1157 1217 1184 1198 1177 1172 1189 1216 1194 1245 1247 1150 1227 1248 1249 1248 1216 1240 1243 1318 1293 1202 1232 1213 1182 1193 1172 1188 1267 1311 1271 1301 1289 1284 1184 1198 1235 1254 1263 1238 1240 1250 1213 1191 1262 1194 1223 1186 1169 1177 1225 1228 1174 1166 1175 1302 1258 1272 1255 1244 1182 1239 1240 1329 1292 1246 1218 1206 1211 1200 1210 1249 1262 1301 1257 1322 1338 1327 1333 1357 1402 1332 1378 1323 1378 1406 1390 1399 1377 1350 1402 1417 1402 1440 1411 1416 1384 1402 1446 1460 1431 1488 1460 1409 1442 1412 1401 1426 1462 1438 1388 1440 1469 1446 1419 1435 1462 1453 1427 1410 1394 1421 1414 1428 1419 1386 1368 1356 1411 1352 1344 1360 1396 1407 1404 1394 1372 1427 1417 1416 1446 1432 1391 1411 1381 1368 1368 1389 1414 1458 1444 1398 1368 1326 1421 1354 1387 1345 1346 1368 1347 1426 1420 1400 1416 1456 1408 1425 1412 1406 1406 1404 1402 1327 1405 1456 1418 1404 1451 1471 1492 1468 1457 1409 1408 1428 1445 1419 1454 1418 1476 1458 1442 1410 1400 1364 1415 1422 1352 1403 1431 1411 1378 1367 1361 1352 1366 1389 1386 1404 1382 1355 1387 1360 1329 1356 1370 1386 1408 1386 1430 1435 1388 1363 1394 1370 1370 1385 1335 1331 1291 1367 1360 1372 1368 1345 1335 1365 1361 1378 1386 1389 1391 1375 1388 1386 1383 1390 1365 1319 1328 1297 1350 1292 1253 1325 1322 1329 1231 1229 1262 1194 1182 1216 1249 1213 1186 1253 1248 1278 1277 1226 1218 1194 1198 1200 1192 1162 1154 1174 1176 1197 1161 1137 1167 1168 1205 1176 1173 1209 1225 1157 1146 1133 1155 1150 1133 1173 1204 1208 1217 1231 1252 1262 1310 1265 1255 1247 1233 1254 1294 1230 1243 1235 1258 1278 1293 1306 1249 1256 1235 1252 1281 1274 1295 1289 1334 1285 1303 1311 1284 1207 1256 1184 1180 1209 1239 1221 1250 1249 1284 1246 1250 1291 1253 1252 1255 1249 1234 1258 1276 1271 1257 1283 1239 1261 1309 1288 1298 1298 1282 1341 1301 1237 1260 1250 1283 1351 1319 1360 1329 1357 1348 1347 1378 1356 1339 1381 1368 1394 1378 1340 1391 1350 1347 1300 1307 1289 1319 1365 1329 1313 1309 1291 1284 1299 1318 1340 1322 1334 1328 1291 1251 1264 1301 1280 1326 1270 1312 1284 1289 1262 1266 1261 1238 1249 1294 1240 1270 1274 1249 1247 1258 1262 1301 1242 1233 1231 1236 1205 1224 1221 1284 1255 1213 1253 1259 1231 1213 1188 1215 1232 1245 1265 1225 1190 1204 1184 1190 1269 1227 1245 1215 1235 1228 1219 1256 1254 1284 1290 1327 1342 1313 1300 1278 1261 1266 1237 1286 1321 1307 1262 1309 1339 1478 1399 1416 1404 1438 1399 1485 1400 1368 1323 1340 1347 1352 1391 1341 1384 1445 1474 1511 1444 1454 1482 1434 1452 1453 1370 1388 1447 1406 1477 1470 1457 1460 1519 1488 1421 1483 1504 1458 1466 1441 1413 1543 1512 1465 1536 1594 1564 1543 1539 1457 1446 1433 1454 1479 1499 1539 1537 1494 1435 1409 1435 1413 1396 1402 1419 1449 1422 1461 1503 1502 1477 1378 1415 1371 1341 1365 1387 1399 1426 1432 1409 1410 1375 1298 1295 1368 1331 1326 1339 1315 1337 1302 1361 1384 1336 1374 1387 1417 1404 1390 1326 1412 1404 1363 1358 1348 1369 1376 1393 1397 1328 1330 1312 1356 1309 1327 1355 1339 1345 1366 1350 1343 1405 1381 1389 1387 1368 1379 1324 1336 1326 1345 1359 1390 1347 1391 1323 1269 1285 1288 1356 1310 1324 1347 1315 1318 1357 1342 1400 1312 1291 1287 1320 1332 1311 1344 1328 1324 1304 1308 1280 1289 1294 1229 1262 1223 1249 1288 1241 1269 1267 1304 1259 1280 1301 1281 1247 1234 1328 1336 1357 1311 1295 1285 1299 1273 1271 1305 1354 1334 1346 1350 1353 1287 1301 1331 1359 1367 1373 1365 1411 1423 1379 1436 1433 1481 1472 1502 1465 1412 1410 1421 1477 1486 1484 1534 1527 1530 1545 1479 1525 1511 1588 1575 1603 1556 1557 1583 1578 1525 1544 1539 1531 1487 1571 1591 1589 1591 1563 1557 1598 1561 1501 1474 1488 1449 1539 1536 1532 1540 1527 1489 1545 1494 1538 1507 1502 1510 1527 1471 1483 1537 1492 1497 1577 1575 1559 1518 1512 1494 1505 1559 1560 1565 1515 1490 1478 1445 1451 1496 1453 1462 1523 1528 1484 1458 1478 1468 1487 1459 1493 1502 1500 1517 1440 1409 1327 1386 1402 1377 1404 1370 1440 1358 1377 1397 1400 1421 1413 1437 1479 1440 1463 1402 1452 1428 1452 1469 1516 1575 1533 1589 1527 1502 1513 1505 1454 1457 1473 1460 1460 1455 1475 1461 1463 1420 1453 1498 1467 1486 1507 1488 1529 1465 1491 1504 1544 1521 1530 1511 1541 1492 1508 1557 1504 1475 1418 1492 1467 1500 1549 1554 1560 1568 1571 1557 1616 1644 1593 1581 1576 1587 1625 1652 1608 1573 1653 1641 1657 1631 1611 1572 1567 1561 1577 1581 1554 1600 1557 1537 1512 1523 1594 1622 1551 1493 1537 1568 1588 1543 1563 1632 1636 1604 1620 1604 1640 1644 1651 1596 1571 1539 1586 1609 1580 1604 1664 1685 1677 1679 1609 1623 1612 1649 1643 1643 1713 1753 1749 1729 1753 1727 1706 1702 1652 1653 1625 1673 1701 1692 1654 1660 1710 1685 1689 1717 1717 1689 1695 1699 1699 1711 1727 1756 1769 1776 1717 1762 1722 1704 1736 1678 1707 1781 1764 1791 1747 1713 1734 1725 1685 1706 1691 1705 1675 1645 1649 1595 1638 1688 1661 1657 1684 1698 1737 1713 1706 1701 1654 1676 1657 1689 1712 1705 1611 1673 1653 1636 1619 1588 1635 1551 1576 1596 1645 1612 1643 1628 1661 1683 1645 1661 1683 1631 1660 1648 1683 1732 1677 1647 1654 1640 1678 1725 1778 1706 1706 1681 1649 1641 1571 1610 1572 1549 1621 1563 1569 1603 1584 1606 1583 1572 1559 1568 1535 1538 1516 1512 1547 1518 1532 1508 1489 1453 1375 1433 1429 1447 1464 1469 1457 1437 1441 1408 1396 1403 1405 1416 1447 1387 1362 1439 1408 1349 1332 1282 1288 1347 1292 1275 1317 1321 1305 1324 1335 1401 1384 1313 1314 1326 1321 1371 1332 1385 1329 1358 1296 1340 1336 1402 1379 1301 1320 1309 1365 1304 1276 1322 1312 1338 1331 1324 1362 1362 1348 1392 1392 1399 1381 1342 1314 1294 1341 1405 1394 1360 1369 1361 1344 1361 1299 1302 1286 1319 1253 1297 1316 1287 1282 1312 1254 1260 1259 1255 1284 1318 1324 1260 1245 1230 1240 1279 1247 1230 1212 1277 1277 1262 1260 1227 1235 1225 1266 1259 1231 1238 1198 1181 1176 1190 1222 1212 1158 1190 1173 1174 1220 1264 1202 1162 1135 1136 1202 1175 1162 1211 1244 1221 1255 1211 1206 1235 1281 1235 1190 1149 1148 1150 1129 1134 1139 1068 1080 1106 1090 1095 1083 1081 1079 1035 1050 1047 1072 1075 1101 1035 1064 1088 1128 1144 1125 1148 1132 1154 1200 1159 1146 1168 1189 1216 1185 1193 1141 1139 1195 1221 1204 1249 1213 1246 1232 1235 1218 1207 1169 1169 1203 1228 1265 1277 1265 1224 1192 1184 1157 1159 1143 1179 1187 1127 1147 1191 1137 1153 1172 1152 1142 1144 1168 1174 1188 1204 1206 1202 1145 1171 1152 1171 1164 1175 1193 1170 1165 1140 1156 1153 1174 1144 1120 1152 1125 1095 1126 1136 1157 1149 1140 1154 1166 1210 1193 1212 1231 1300 1269 1273 1248 1223 1265 1289 1229 1244 1232 1222 1193 1196 1251 1225 1201 1226 1262 1276 1309 1307 1301 1208 1235 1248 1230 1244 1195 1204 1220 1258 1241 1203 1195 1230 1188 1172 1218 1219 1195 1250 1221 1198 1187 1197 1207 1201 1213 1177 1218 1172 1133 1151 1165 1180 1195 1195 1205 1178 1175 1189 1145 1193 1158 1143 1153 1171 1115 1160 1210 1206 1226 1178 1203 1178 1175 1196 1190 1153 1171 1188 1191 1218 1224 1229 1199 1200 1222 1173 1234 1219 1196 1229 1186 1179 1175 1228 1181 1186 1236 1217 1226 1134 1206 1175 1209 1214 1223 1230 1244 1268 1281 1291 1307 1351 1314 1314 1310 1297 1357 1326 1340 1330 1333 1337 1364 1389 1338 1357 1390 1456 1433 1427 1405 1451 1482 1495 1477 1495 1467 1507 1531 1541 1550 1535 1541 1514 1522 1508 1551 1624 1686 1704 1621 1622 1642 1666 1637 1647 1693 1610 1672 1625 1595 1623 1653 1655 1624 1602 1638 1679 1650 1666 1673 1679 1659 1572 1590 1637 1587 1682 1627 1604 1653 1635 1669 1663 1656 1629 1655 1666 1625 1620 1621 1632 1691 1643 1677 1657 1611 1627 1591 1604 1594 1692 1648 1632 1645 1655 1628 1571 1534 1591 1588 1637 1613 1635 1618 1608 1637 1651 1672 1609 1592 1632 1656 1589 1606 1580 1605 1636 1629 1589 1560 1649 1647 1666 1661 1642 1578 1574 1581 1702 1614 1646 1643 1593 1616 1688 1649 1628 1596 1629 1550 1599 1584 1586 1620 1618 1647 1604 1630 1670 1651 1678 1691 1667 1631 1588 1609 1640 1653 1612 1574 1577 1581 1562 1549 1625 1621 1556 1591 1631 1616 1602 1605 1601 1543 1508 1590 1583 1662 1676 1647 1656 1605 1615 1607 1614 1674 1704 1667 1631 1591 1609 1640 1665 1676 1687 1725 1698 1679 1636 1675 1727 1738 1760 1771 1687 1735 1745 1722 1704 1690 1658 1657 1641 1629 1650 1632 1671 1647 1592 1648 1600 1690 1752 1710 1637 1640 1667 1637 1601 1557 1639 1609 1566 1539 1596 1567 1557 1538 1571 1561 1564 1459 1496 1552 1625 1556 1541 1524 1524 1498 1548 1558 1450 1453 1450 1471 1500 1452 1453 1426 1435 1434 1522 1488 1512 1514 1493 1541 1435 1482 1442 1435 1491 1446 1462 1435 1498 1528 1547 1505 1489 1452 1495 1481 1462 1536 1552 1502 1421 1392 1430 1430 1413 1380 1403 1401 1383 1408 1447 1407 1440 1441 1451 1468 1474 1414 1410 1392 1378 1402 1394 1426 1400 1370 1409 1393 1403 1412 1409 1393 1373 1445 1410 1437 1435 1393 1358 1365 1355 1362 1378 1375 1393 1379 1335 1363 1402 1371 1394 1325 1365 1351 1417 1436 1443 1472 1428 1422 1408 1416 1404 1364 1358 1348 1348 1301 1313 1307 1310 1371 1373 1324 1338 1357 1383 1367 1430 1420 1373 1407 1410 1299 1366 1353 1417 1441 1353 1347 1333 1325 1327 1341 1427 1361 1375 1366 1401 1450 1402 1380 1403 1393 1343 1364 1427 1440 1400 1388 1380 1320 1334 1341 1368 1346 1402 1450 1385 1380 1358 1353 1365 1324 1324 1325 1288 1300 1280 1344 1329 1333 1388 1397 1380 1345 1365 1355 1331 1396 1342 1358 1389 1463 1433 1427 1425 1471 1478 1515 1512 1443 1419 1457 1469 1498 1457 1449 1456 1416 1406 1398 1386 1355 1358 1363 1359 1389 1378 1419 1406 1388 1365 1349 1352 1368 1352 1435 1421 1421 1423 1423 1455 1466 1487 1505 1495 1471 1436 1390 1423 1433 1477 1506 1501 1462 1534 1505 1485 1508 1473 1465 1476 1489 1415 1418 1427 1471 1472 1489 1439 1420 1401 1487 1421 1403 1442 1498 1491 1509 1527 1506 1510 1499 1541 1506 1542 1526 1590 1593 1546 1497 1497 1473 1442 1453 1460 1490 1487 1482 1430 1468 1458 1437 1410 1389 1374 1420 1456 1436 1406 1448 1398 1408 1365 1352 1360 1358 1398 1413 1437 1417 1437 1398 1344 1375 1389 1392 1387 1381 1358 1434 1471 1420 1445 1401 1360 1357 1408 1464 1418 1371 1381 1429 1489 1567 1541 1525 1512 1520 1520 1462 1452 1453 1457 1476 1467 1422 1401 1423 1438 1461 1453 1507 1428 1357 1385 1480 1474 1444 1378 1362 1426 1470 1456 1464 1443 1398 1444 1447 1529 1587 1542 1514 1540 1479 1517 1483 1533 1532 1523 1532 1576 1644 1637 1605 1600 1521 1534 1561 1533 1526 1571 1541 1557 1494 1529 1515 1531 1495 1568 1545 1557 1487 1482 1520 1547 1538 1556 1563 1567 1608 1557 1567 1472 1440 1464 1482 1501 1404 1392 1392 1405 1340 1375 1405 1377 1323 1296 1325 1346 1350 1364 1377 1319 1300 1334 1307 1246 1272 1248 1283 1296 1328 1346 1354 1347 1331 1327 1320 1311 1330 1324 1301 1323 1357 1316 1369 1365 1353 1367 1382 1348 1293 1315 1336 1327 1307 1263 1249 1249 1286 1279 1246 1250 1315 1263 1259 1247 1277 1283 1313 1344 1307 1371 1352 1334 1311 1303 1301 1278 1305 1297 1330 1347 1360 1350 1338 1293 1304 1297 1300 1288 1265 1264 1222 1235 1223 1222 1303 1335 1285 1353 1344 1306 1343 1319 1328 1376 1307 1348 1309 1303 1303 1285 1348 1358 1398 1399 1416 1354 1351 1390 1335 1357 1367 1365 1392 1385 1449 1412 1383 1399 1422 1412 1299 1372 1324 1318 1332 1350 1383 1411 1375 1425 1393 1456 1491 1551 1489 1377 1369 1401 1393 1302 1331 1300 1321 1322 1309 1324 1339 1393 1337 1386 1393 1363 1350 1423 1451 1426 1416 1386 1400 1419 1414 1398 1397 1350 1284 1322 1347 1338 1371 1408 1460 1407 1445 1472 1471 1454 1461 1464 1419 1422 1451 1441 1412 1368 1414 1385 1437 1430 1392 1408 1362 1344 1392 1418 1378 1362 1364 1349 1319 1315 1310 1337 1330 1388 1364 1341 1347 1371 1373 1431 1398 1427 1423 1510 1540 1531 1536 1562 1569 1605 1547 1603 1568 1517 1530 1488 1464 1471 1475 1411 1406 1455 1439 1463 1512 1562 1576 1555 1527 1500 1531 1479 1486 1505 1503 1497 1499 1507 1525 1545 1492 1481 1490 1463 1511 1517 1539 1535 1560 1509 1550 1572 1568 1531 1518 1581 1626 1612 1577 1592 1565 1579 1597 1577 1513 1562 1582 1576 1580 1545 1542 1598 1601 1536 1521 1553 1513 1470 1444 1423 1449 1529 1532 1545 1508 1541 1489 1459 1482 1517 1535 1516 1501 1494 1519 1502 1491 1491 1508 1445 1474 1437 1469 1448 1473 1477 1462 1464 1506 1567 1542 1528 1533 1530 1568 1500 1505 1496 1472 1549 1536 1510 1508 1460 1473 1490 1447 1405 1438 1473 1452 1477 1510 1491 1578 1572 1618 1629 1692 1676 1625 1646 1627 1611 1541 1466 1453 1413 1393 1412 1374 1403 1446 1406 1436 1400 1412 1430 1402 1355 1394 1456 1452 1402 1405 1355 1300 1254 1269 1270 1303 1255 1323 1279 1259 1269 1291 1292 1281 1296 1289 1281 1284 1376 1368 1388 1410 1396 1475 1482 1458 1493 1548 1508 1561 1557 1460 1470 1437 1493 1470 1495 1475 1484 1484 1476 1496 1486 1488 1490 1473 1447 1459 1450 1459 1477 1468 1479 1460 1438 1429 1418 1398 1358 1391 1304 1312 1338 1342 1324 1307 1390 1374 1369 1444 1455 1479 1518 1518 1516 1571 1558 1569 1633 1622 1643 1631 1531 1583 1578 1486 1497 1413 1410 1355 1342 1379 1396 1390 1420 1401 1409 1411 1399 1472 1427 1422 1409 1412 1390 1450 1423 1423 1387 1370 1414 1406 1396 1403 1376 1391 1385 1409 1406 1463 1419 1457 1455 1417 1432 1475 1487 1471 1444 1521 1514 1558 1524 1494 1542 1509 1488 1454 1481 1445 1417 1459 1452 1437 1443 1351 1337 1373 1353 1328 1360 1393 1412 1371 1385 1367 1381 1379 1405 1409 1444 1467 1470 1439 1377 1408 1379 1428 1389 1400 1434 1429 1411 1419 1469 1500 1520 1511 1491 1464 1480 1415 1466 1465 1456 1504 1522 1492 1434 1430 1331 1394 1451 1435 1405 1445 1436 1444 1448 1430 1407 1439 1437 1443 1519 1499 1509 1451 1469 1483 1528 1487 1496 1474 1475 1504 1423 1390 1397 1371 1400 1420 1396 1349 1382 1331 1315 1335 1364 1413 1383 1455 1414 1435 1464 1446 1496 1572 1566 1590 1601 1567 1552 1487 1468 1444 1472 1434 1455 1476 1441 1416 1355 1373 1361 1345 1366 1354 1363 1391 1368 1336 1303 1317 1365 1381 1364 1373 1364 1417 1390 1394 1427 1443 1406 1399 1420 1432 1426 1409 1369 1371 1413 1355 1389 1402 1366 1375 1379 1348 1370 1380 1383 1395 1356 1341 1384 1438 1443 1416 1403 1417 1409 1373 1374 1356 1391 1424 1387 1431 1431 1401 1440 1439 1406 1417 1373 1381 1472 1530 1467 1471 1449 1399 1437 1407 1407 1413 1415 1368 1389 1386 1388 1376 1424 1387 1435 1427 1426 1387 1388 1359 1393 1399 1381 1423 1419 1427 1434 1403 1415 1426 1386 1388 1433 1405 1407 1386 1401 1424 1447 1429 1449 1498 1445 1462 1429 1384 1368 1375 1388 1427 1433 1427 1455 1488 1468 1461 1420 1454 1449 1450 1418 1474 1414 1401 1404 1422 1426 1419 1406 1432 1409 1393 1388 1346 1352 1353 1354 1378 1357 1345 1349 1336 1298 1336 1336 1376 1359 1307 1325 1358 1359 1350 1373 1304 1294 1252 1278 1265 1310 1263 1240 1251 1279 1296 1329 1267 1265 1280 1221 1230 1245 1230 1238 1238 1251 1272 1237 1218 1243 1212 1221 1173 1230 1205 1205 1189 1192 1234 1211 1212 1224 1230 1205 1191 1169 1171 1124 1206 1158 1178 1121 1157 1145 1176 1181 1159 1132 1150 1134 1150 1145 1148 1114 1164 1147 1139 1135 1109 1148 1111 1181 1189 1150 1169 1118 1119 1147 1135 1073 1067 1083 1078 1076 1069 1082 1080 1048 1022 1068 1023 1062 1059 1048 1039 1024 1012 1009 989 1026 1044 1074 1094 1035 1050 1042 1091 1131 1084 1100 1029 983 963 1033 1050 1079 1067 1108 1039 1102 1128 1108 1108 1102 1143 1175 1167 1145 1174 1139 1164 1163 1184 1187 1211 1203 1194 1164 1190 1197 1163 1157 1143 1141 1156 1125 1158 1166 1184 1198 1139 1136 1147 1092 1070 1059 1095 1084 1077 1106 1131 1092 1073 1071 1084 1070 1039 1081 1076 1026 1036 1058 1040 1046 1006 1030 1010 984 960 968 968 987 1003 986 1039 970 980 987 1002 1037 973 985 983 991 1009 997 986 1042 1057 1012 1015 1096 1081 1128 1133 1154 1182 1254 1238 1239 1197 1194 1216 1189 1154 1139 1125 1123 1109 1136 1147 1139 1161 1135 1101 1077 1079 1124 1119 1138 1133 1148 1163 1185 1178 1211 1142 1164 1125 1126 1118 1152 1189 1220 1200 1193 1218 1206 1183 1219 1186 1201 1218 1221 1218 1240 1208 1244 1212 1207 1175 1182 1184 1166 1167 1104 1108 1130 1126 1114 1100 1086 1105 1099 1094 1070 1113 1110 1108 1160 1115 1128 1135 1134 1138 1144 1173 1200 1188 1214 1229 1210 1197 1173 1196 1204 1189 1233 1216 1228 1217 1199 1195 1212 1186 1164 1178 1153 1183 1168 1182 1147 1161 1167 1173 1171 1176 1156 1210 1224 1190 1193 1165 1190 1204 1204 1212 1206 1182 1181 1221 1205 1251 1270 1275 1285 1294 1309 1279 1280 1282 1243 1305 1262 1274 1280 1311 1298 1284 1264 1272 1312 1364 1323 1309 1301 1254 1302 1306 1285 1240 1232 1330 1315 1263 1261 1239 1252 1251 1247 1269 1242 1252 1258 1223 1270 1290 1285 1301 1315 1326 1313 1303 1302 1278 1271 1235 1234 1213 1259 1261 1267 1246 1267 1251 1243 1193 1183 1218 1220 1210 1231 1257 1231 1263 1277 1260 1288 1268 1220 1285 1274 1304 1286 1246 1259 1218 1238 1291 1256 1265 1282 1308 1307 1316 1346 1347 1362 1371 1337 1307 1278 1303 1320 1304 1268 1270 1276 1223 1278 1262 1306 1289 1258 1263 1263 1265 1278 1258 1252 1243 1243 1264 1321 1351 1340 1320 1328 1337 1321 1274 1259 1311 1298 1299 1299 1241 1274 1278 1289 1255 1325 1362 1355 1316 1296 1332 1362 1342 1324 1310 1301 1303 1345 1353 1350 1297 1344 1304 1375 1366 1353 1372 1364 1391 1334 1281 1348 1390 1372 1403 1366 1371 1365 1338 1326 1341 1375 1359 1373 1384 1359 1364 1335 1338 1288 1313 1318 1297 1278 1289 1259 1256 1272 1291 1248 1234 1252 1195 1178 1245 1310 1226 1202 1266 1269 1305 1297 1316 1320 1284 1299 1207 1289 1282 1261 1288 1259 1261 1246 1259 1263 1286 1266 1266 1264 1256 1272 1256 1299 1306 1332 1327 1304 1332 1316 1350 1386 1405 1403 1372 1362 1350 1356 1333 1351 1362 1398 1377 1383 1363 1412 1366 1386 1381 1320 1367 1367 1386 1394 1388 1393 1375 1417 1408 1377 1394 1346 1353 1389 1401 1449 1413 1415 1392 1351 1430 1479 1503 1444 1454 1475 1497 1523 1541 1609 1597 1563 1557 1578 1639 1650 1637 1583 1590 1552 1497 1554 1567 1561 1543 1537 1538 1506 1512 1478 1483 1468 1452 1448 1408 1465 1459 1430 1396 1414 1378 1447 1482 1492 1473 1472 1487 1471 1463 1441 1466 1458 1494 1497 1474 1483 1516 1479 1491 1476 1377 1392 1372 1318 1297 1320 1314 1294 1291 1292 1281 1314 1269 1362 1365 1381 1393 1372 1374 1317 1252 1285 1331 1368 1286 1260 1194 1180 1166 1153 1110 1091 1045 1061 1020 938 943 959 963 921 914 912 887 838 820 844 853 868 968 939 906 926 931 951 1013 1012 1010 935 936 919 887 878 823 783 753 755 778 759 735 708 735 727 720 776 827 839 888 855 843 838 828 855 826 801 726 679 614 600 595 556 528 532 561 630 609 628 650 742 735 728 681 700 718 709 674 620 594 591 603 580 588 523 476 445 437 402 400 396 374 352 385 357 344 318 325 330 362 355 364 355 345 327 286 265 246 220 245 265 258 301 302 319 326 374 397 423 404 397 401 410 413 400 384 396 388 368 364 357 371 359 362 353 366 368 338 347 364 406 377 382 381 390 384 396 394 423 420 455 488 528 590 622 607 603 575 598 594 599 606 559 567 536 546 509 510 525 420 482 534 504 431 416 433 453 428 428 376 348 342 322 309 299 294 287 267 284 278 312 319 315 310 326 331 388 414 456 476 536 510 553 599 572 550 558 608 610 609 638 594 596 611 635 586 574 509 465 485 509 519 455 424 404 337 337 315 276 252 220 223 219 264 309 304 237 208 196 210 228 212 223 220 244 306 380 377 384 351 375 389 410 434 496 514 570 547 533 488 530 512 513 494 456 409 394 395 379 357 344 335 313 314 313 325 346 342 319 351 381 425 419 431 422 436 452 459 483 484 533 532 549 623 587 613 640 595 571 612 597 612 616 561 593 589 562 530 512 475 456 425 442 414 400 338 288 234 216 207 218 205 182 164 161 165 197 218 253 291 317 366 403 403 428 467 455 464 463 500 528 597 608 603 597 565 530 490 480 445 429 387 369 328 325 305 275 268 233 203 186 190 198 211 225 254 301 343 373 403 426 417 426 460 438 491 508 512 550 518 490 457 442 400 362 366 309 260 234 240 196 179 146 136 146 157 195 209 221 236 242 255 282 306 321 359 381 400 390 381 399 382 364 355 300 280 267 251 237 214 217 200 196 179 170 151 166 174 197 228 256 246 269 273 294 281 294 308 352 383 405 374 398 363 380 398 402 454 466 489 496 493 526 554 572 592 585 570 568 558 522 485 483 460 435 414 390 392 369 369 414 393 437 456 444 451 453 465 493 507 513 546 524 561 531 525 566 548 558 534 546 582 563 577 575 580 623 648 721 734 746 777 785 793 794 773 801 776 702 698 648 602 598 538 546 539 516 507 503 515 493 524 561 581 569 561 611 665 705 688 738 714 766 752 837 863 891 883 896 913 990 990 983 970 936 928 913 897 857 876 883 895 837 807 829 720 728 717 746 760 756 727 793 745 752 727 729 744 757 731 719 718 714 735 749 789 731 751 738 725 735 769 751 722 736 737 733 750 720 719 692 709 684 660 645 602 596 478 466 442 435 380 376 348 314 287 256 248 253 260 245 269 240 251 256 256 276 284 313 324 342 360 363 347 365 361 327 310 274 246 236 207 207 187 173 160 143 126 115 91 82 86 90 88 92 96 98 114 131 155 184 220 240 225 245 255 252 259 268 271 258 268 248 231 209 185 178 172 145 114 108 84 80 80 80 85 86 88 92 90 96 115 128 178 193 201 210 210 226 235 261 270 297 298 309 301 324 364 323 299 296 320 307 305 287 281 257 253 231 219 194 183 166 170 169 148 176 188 167 171 181 187 208 228 248 282 289 301 341 332 337 320 333 313 322 305 282 285 269 278 238 235 210 205 189 157 152 131 116 102 92 82 80 80 80 80 80 80 80 80 80 80 80 80 80 80 80 80 80 80 80 80 80 80 80 80 80 80 80 80 80 80 80 80 80 bytes
[Exif IFD0 - 0x011a] X Resolution = 72 dots per inch
[Exif IFD0 - 0x011b] Y Resolution = 72 dots per inch
[Exif IFD0 - 0x011c] Planar Configuration = Chunky (contiguous for each subsampling pixel)
[Exif IFD0 - 0x0128] Resolution Unit = Inch
[Exif IFD0 - 0x0140] Unknown tag (0x0140) = [768 values]
[Exif IFD0 - 0x830e] Pixel Scale = 2.438 2.438 0
[Exif IFD0 - 0x8482] Model Tie Point = 0 0 0 709245.968 4556369.32 0

[GeoTIFF - 0x0400] Model Type = Projected
[GeoTIFF - 0x0401] Raster Type = PixelIsArea
[GeoTIFF - 0x0c00] Projected Coordinate System Type = WGS84 UTM zone 17N
[GeoTIFF - 0x0c01] Projected Coordinate System Citation = UTM Zone 17 N with WGS84

[File Type - 0x0001] Detected File Type Name = TIFF
[File Type - 0x0002] Detected File Type Long Name = Tagged Image File Format
[File Type - 0x0003] Detected MIME Type = image/tiff
[File Type - 0x0004] Expected File Name Extension = tiff

[File - 0x0001] File Name = o41078a4.tif
[File - 0x0002] File Size = 7390998 bytes
[File - 0x0003] File Modified Date = <omitted for regression testing as checkout dependent>

- Exif IFD0
    - GeoTIFF
- File Type
- File

Generated using metadata-extractor
https://drewnoakes.com/code/exif/
