FILE: o41078a1.tif
TYPE: TIFF

[Exif IFD0 - 0x00fe] New Subfile Type = Full-resolution image
[Exif IFD0 - 0x0100] Image Width = 5032 pixels
[Exif IFD0 - 0x0101] Image Height = 6793 pixels
[Exif IFD0 - 0x0102] Bits Per Sample = 8 bits/component/pixel
[Exif IFD0 - 0x0103] Compression = PackBits
[Exif IFD0 - 0x0106] Photometric Interpretation = RGB Palette
[Exif IFD0 - 0x0111] Strip Offsets = [6793 values]
[Exif IFD0 - 0x0115] Samples Per Pixel = 1 samples/pixel
[Exif IFD0 - 0x0116] Rows Per Strip = 1 rows/strip
[Exif IFD0 - 0x0117] Strip Byte Counts = 80 80 80 80 80 80 80 80 80 80 80 80 80 80 80 80 80 80 80 80 82 82 82 80 80 82 86 86 87 87 86 89 87 86 91 91 105 102 102 102 115 118 138 135 129 135 146 153 161 160 175 175 184 212 215 236 247 223 256 257 249 235 234 250 263 250 273 284 264 232 238 233 210 215 208 203 191 188 163 174 167 156 138 129 120 96 99 94 92 96 94 91 92 90 89 86 91 97 104 109 123 129 141 147 170 191 193 194 206 196 201 191 192 205 207 200 197 196 191 192 187 176 175 155 151 154 137 131 133 120 106 99 102 100 96 93 95 95 103 119 132 139 139 147 163 176 185 197 201 203 220 238 239 235 235 260 253 261 255 282 284 275 259 268 264 229 221 218 214 206 208 205 183 166 162 159 147 126 126 134 106 100 100 88 88 88 91 91 88 84 84 84 98 105 132 136 137 160 172 182 201 213 220 220 211 197 197 197 195 197 201 201 211 210 199 216 235 250 257 269 254 242 223 206 185 200 196 190 177 151 144 129 127 124 127 125 133 120 142 160 211 245 272 314 340 332 354 370 359 363 372 382 379 377 371 365 376 360 375 423 421 440 435 472 470 430 400 437 402 355 347 347 335 325 327 337 318 333 340 344 346 343 364 356 402 458 421 402 417 416 436 445 439 417 470 464 478 438 403 452 465 466 479 512 508 547 546 590 605 640 638 633 635 655 630 643 647 692 683 698 708 660 629 638 587 588 581 595 614 610 588 602 564 616 569 566 565 561 553 558 580 578 574 632 697 709 710 740 745 750 769 769 792 821 815 821 733 786 720 744 752 747 732 767 823 903 926 894 959 959 912 931 926 945 927 1003 933 916 866 949 960 921 999 981 992 978 982 961 949 985 1030 1073 1027 990 1002 1002 1004 1074 1099 1157 1148 1139 1123 1205 1180 1170 1067 1108 1180 1179 1118 1123 1139 1152 1138 1158 1147 1087 1099 1067 1116 1067 1060 1042 1093 1070 1027 1048 1032 1010 1018 1009 1043 981 1005 1051 982 1063 1026 1005 1021 1098 1052 1096 1098 1063 1051 1075 1061 1149 1152 1134 1019 1040 1081 1031 1080 1060 1098 1098 1130 1084 1086 1054 1047 1086 1149 1098 1097 1061 1110 1072 1094 1047 1080 1009 979 986 1068 1049 1115 1054 1082 1090 1092 1114 1062 1075 1090 1080 1104 1135 1115 1104 1099 1081 1136 1140 1150 1117 1086 1128 1099 1103 1057 1083 1125 1077 1117 1081 1049 1073 1027 1065 1084 1070 1059 1098 1096 1116 1074 1111 1075 1044 1012 1073 1072 1110 1097 1143 1083 1111 1110 1113 1030 1092 1077 1079 1074 1055 1041 1074 1031 1034 1052 1080 1077 1066 1104 1127 1131 1060 1079 1050 1055 1031 1045 1012 1069 1056 1048 1020 1076 1029 1017 1020 1077 1025 1073 1010 1035 1021 1028 1059 1065 1041 1026 1041 1061 1115 1065 1086 1089 1080 1075 1043 1101 1113 1091 1060 1058 1064 1072 1039 935 1016 995 1031 997 980 1018 1023 1060 1027 1047 1055 1053 1067 1053 1038 1003 1072 1028 1049 1053 1087 1133 1119 1110 1113 1124 1079 1084 1063 1127 1113 1090 1110 1058 1067 1082 1065 1122 1125 1086 1099 1105 1117 1148 1203 1195 1200 1159 1159 1209 1215 1155 1162 1148 1149 1133 1144 1112 1100 1063 1065 1051 1038 1043 1083 1078 1051 1079 1092 1021 1006 1030 994 1013 1048 1064 1052 1059 1079 1076 1062 1089 1124 1051 1004 1053 1046 1069 1070 1092 1080 1057 1061 1065 1083 1046 1005 1035 1061 1081 1044 1067 1081 1087 1060 1049 1047 1087 1138 1120 1143 1132 1125 1105 1127 1127 1102 1091 1183 1120 1154 1081 1113 1128 1162 1167 1113 1051 1062 1096 1107 1072 1071 1086 1051 1037 1020 1011 973 1005 1054 1003 1027 1084 1059 1050 1034 1032 1047 1040 1061 1053 1081 1027 970 968 1022 1037 982 1009 1020 1033 990 1079 1035 1034 1059 1052 1028 992 977 980 974 966 955 929 1007 994 1010 981 990 980 937 915 900 904 927 907 903 918 950 934 898 945 940 902 859 913 923 952 927 950 954 984 985 982 978 1001 944 975 998 995 947 966 941 999 1041 1028 1007 1007 985 976 970 981 1044 982 997 962 947 971 915 919 939 921 893 962 941 905 860 922 917 942 895 894 878 933 930 914 924 920 942 958 953 937 916 909 977 938 915 929 888 846 839 878 887 819 818 826 822 828 813 813 833 807 757 772 723 751 745 738 773 781 758 780 838 825 774 775 808 798 793 776 790 787 743 749 791 768 767 782 793 808 814 808 804 744 730 763 783 834 833 780 802 751 768 820 764 789 768 758 760 751 742 779 782 857 781 820 831 798 783 787 759 794 762 756 828 780 785 801 777 813 800 795 796 804 850 849 833 855 835 778 806 880 915 824 801 817 805 804 812 762 802 826 845 843 834 860 824 845 857 914 858 869 830 845 857 835 909 916 857 844 870 882 890 853 887 895 927 890 889 910 897 904 939 923 919 960 1002 1025 1054 1053 1032 1089 1052 1108 1074 1051 1043 1003 1002 1002 990 1002 984 976 987 1019 981 977 964 961 1004 1027 996 963 973 988 1020 991 1000 981 979 963 1001 919 962 976 969 936 936 924 994 972 968 964 1050 1010 970 980 988 1042 1006 992 1034 992 980 934 977 1015 950 979 997 1067 994 994 981 989 1015 977 958 986 967 918 1019 952 1005 959 942 967 939 964 978 912 936 967 937 904 868 895 878 902 874 869 845 845 847 788 807 813 826 839 869 815 785 805 760 818 804 720 717 774 790 778 781 770 727 771 749 727 695 732 717 702 733 701 678 707 672 668 674 682 711 725 698 699 719 703 700 726 678 669 681 624 640 656 655 623 681 679 693 673 700 740 726 682 649 712 707 718 707 729 742 704 723 682 678 682 717 728 694 690 733 727 743 800 808 769 716 755 767 833 805 808 773 779 813 788 800 788 768 804 789 809 804 774 790 812 805 800 778 777 788 757 758 811 761 783 831 782 818 816 827 805 806 798 806 818 786 781 799 816 829 854 810 841 824 840 830 859 856 844 846 865 888 860 846 827 818 873 858 854 845 874 893 920 915 948 933 904 908 937 892 906 926 902 887 871 827 851 851 890 890 831 878 822 831 833 868 873 871 896 879 855 824 872 863 843 896 882 896 865 855 874 869 858 848 848 859 876 884 864 882 867 900 850 850 860 825 851 864 887 882 887 880 943 946 849 876 891 875 864 838 871 879 839 877 869 907 910 866 863 848 848 905 938 883 884 892 903 919 895 894 912 889 886 932 925 912 890 942 911 924 895 920 917 874 883 862 860 844 878 862 905 879 860 866 862 854 860 869 906 874 879 882 852 878 855 849 860 833 885 858 847 850 822 856 868 839 838 770 813 824 814 833 837 824 804 849 837 789 806 824 890 856 859 847 848 883 901 893 890 849 853 870 898 902 931 886 872 855 862 857 860 827 850 843 845 834 850 861 861 865 827 810 837 812 780 785 819 763 784 815 817 810 815 789 791 780 761 760 739 689 731 703 710 747 714 678 689 676 676 682 679 687 692 717 721 693 649 661 668 679 657 646 633 690 649 679 717 726 736 741 740 722 721 761 723 681 671 690 693 703 705 679 706 720 691 756 709 709 766 766 771 739 719 764 766 733 772 723 724 728 756 795 820 824 812 840 847 849 870 864 904 912 893 839 916 901 928 920 898 909 944 917 867 866 949 906 901 911 941 938 917 996 958 960 923 904 850 858 874 898 902 897 878 858 893 846 907 918 887 888 880 901 846 849 871 852 865 852 806 835 844 849 834 857 837 892 863 843 859 852 832 834 824 863 822 855 871 876 883 909 926 915 927 891 894 911 865 895 919 891 937 899 920 903 937 928 904 915 896 917 940 909 886 895 884 893 877 859 874 908 919 942 938 913 912 894 899 890 882 889 939 922 872 926 942 1005 953 956 916 907 906 888 889 910 874 906 936 939 936 932 961 914 931 873 878 921 943 959 908 905 879 844 866 908 947 912 906 927 930 928 942 986 956 950 915 935 957 952 904 902 859 927 876 908 924 868 874 899 905 873 914 904 861 868 890 874 871 877 861 860 912 897 849 868 879 878 858 852 845 837 859 868 882 864 880 867 798 826 834 875 848 882 839 837 797 804 840 835 888 858 884 848 819 857 863 852 885 856 890 870 877 833 852 857 899 906 895 923 861 896 947 897 924 946 929 919 919 954 920 889 890 932 958 949 926 923 913 902 859 841 913 904 863 892 942 913 870 869 905 914 960 926 905 885 904 876 879 906 865 848 854 851 886 902 892 850 836 881 915 884 920 898 942 886 939 902 928 893 836 885 926 886 875 844 836 805 904 844 863 887 811 850 818 845 861 860 901 913 873 871 896 895 893 855 879 830 869 885 852 898 939 955 922 905 911 913 929 951 968 932 914 909 958 957 940 938 971 899 865 920 933 888 919 932 948 891 921 907 930 925 907 937 947 937 936 987 954 941 953 948 887 863 918 946 913 922 917 900 910 897 928 975 983 978 980 974 970 966 974 959 961 950 924 907 944 925 919 897 929 934 903 954 891 915 888 870 867 879 897 884 926 897 925 896 922 892 912 912 895 872 897 917 911 887 900 931 931 923 950 905 923 885 892 909 952 936 920 907 973 956 946 919 925 913 955 977 938 918 921 906 940 917 893 914 897 888 899 896 902 886 857 896 904 919 983 897 910 856 885 917 911 933 947 856 909 907 947 961 914 921 932 921 964 943 959 925 948 946 954 933 951 935 922 886 904 923 893 926 902 908 912 945 901 900 888 907 840 890 911 898 910 875 906 889 875 907 874 912 897 876 930 911 891 884 901 906 941 931 940 994 979 972 933 968 968 1049 1020 1001 979 1003 1042 1016 980 983 981 1012 1009 980 961 1006 963 1013 1058 1020 1039 1024 1120 1062 1081 1097 1114 1119 1017 1043 999 1075 1027 1035 976 973 964 953 987 920 914 946 980 885 962 921 982 914 927 929 939 935 918 905 936 905 933 913 948 912 922 934 883 950 922 903 870 909 875 899 927 906 892 888 923 919 899 959 947 924 876 906 877 912 903 913 927 908 833 869 847 879 873 872 857 878 910 894 876 883 904 889 857 914 968 878 926 945 952 934 978 964 940 938 957 961 915 963 907 919 873 907 889 896 913 900 875 911 943 949 901 911 891 849 889 860 867 852 886 847 867 888 896 906 889 874 875 860 835 851 852 876 899 906 904 897 910 878 882 939 896 904 894 902 917 896 906 874 888 892 860 868 900 917 860 943 904 928 938 926 932 924 915 910 953 980 941 904 932 949 932 930 935 921 900 967 952 939 920 925 897 884 905 867 899 878 867 866 866 883 867 888 925 888 875 879 878 928 867 883 880 906 931 920 880 885 880 882 891 875 867 857 889 847 876 885 831 849 856 845 855 855 874 844 839 868 870 900 902 873 887 888 898 845 839 880 877 917 910 883 926 944 928 922 939 939 954 954 939 966 972 930 890 919 962 952 934 924 935 962 948 910 937 989 981 965 975 962 981 978 997 1010 1029 974 993 986 962 933 958 948 967 1005 1003 1028 976 994 960 977 958 949 898 894 915 943 935 948 961 954 919 931 957 985 978 979 984 987 985 949 1001 991 1007 991 1009 1037 1032 1015 1001 998 968 1016 985 979 1033 1006 1108 1018 1019 1045 1010 1017 1020 1054 1023 1028 1039 1023 1048 990 993 1028 991 986 1054 1028 1024 1072 1084 1039 1091 1024 1002 1050 1036 1058 1040 1009 1011 976 954 953 967 947 970 956 980 948 962 918 984 974 916 953 939 884 926 886 884 869 860 909 870 921 897 874 901 875 907 896 874 875 927 916 897 923 898 973 968 978 966 966 939 907 958 952 928 905 943 964 956 986 1016 968 1027 1036 987 983 974 1015 996 992 1003 1022 999 1018 1053 1059 1045 1044 1081 1077 1059 1093 1082 1077 1065 1113 1099 1073 1095 1075 1057 1040 1028 1068 1068 1069 1052 1118 1111 1126 1051 1054 1041 1064 1091 1062 1048 1061 1023 1043 1060 1057 1077 1073 1035 1077 1066 1066 1061 1088 1090 1123 1097 1041 1051 1081 1092 1059 1080 1050 1077 1082 1080 1021 1081 1036 1041 1005 1002 996 1026 1034 1003 1024 1064 993 969 982 969 975 962 917 972 964 980 994 986 985 1016 953 979 948 932 945 899 912 907 915 904 901 888 891 866 865 900 863 870 864 844 841 803 795 843 832 856 842 836 859 873 849 846 846 871 865 855 858 816 860 847 845 836 809 842 840 880 853 826 817 799 819 809 819 824 842 812 775 775 829 787 810 859 811 817 844 820 794 781 813 818 839 853 834 821 833 808 837 878 817 831 862 835 806 770 796 821 799 812 827 826 790 784 834 834 839 776 793 801 836 844 812 790 772 785 806 827 824 766 797 802 824 873 849 879 828 870 814 835 869 859 897 840 821 830 795 832 845 782 783 788 801 744 730 765 800 853 808 850 841 817 857 853 869 850 860 845 857 863 893 866 883 868 864 868 850 823 839 832 856 851 890 878 847 897 867 865 895 887 887 895 879 831 813 841 885 912 880 857 873 901 861 820 844 837 831 822 796 813 821 807 848 850 871 847 817 844 860 830 877 869 841 813 826 865 850 865 902 895 868 875 882 903 940 912 905 919 937 930 972 983 1013 989 1031 985 964 956 948 948 943 962 987 948 938 1001 942 1037 1035 1016 1012 1075 1048 1049 1056 1058 1049 1064 1016 1051 1037 1075 1080 1094 1076 1074 1087 1081 1048 1110 1111 1102 1138 1052 1049 1028 1083 1045 1048 1072 1090 1046 1026 1031 1072 1045 1013 987 976 1023 1020 1061 984 1023 1054 1049 1058 1063 1013 1005 1018 1012 987 1018 990 1034 1040 993 988 985 999 992 965 1043 1047 1072 1053 996 1006 997 991 972 1000 1029 1026 983 1025 1050 963 976 985 1009 967 972 950 952 981 992 937 944 1010 1041 1032 983 989 1014 1013 997 970 1005 999 959 971 963 1003 924 932 924 989 980 984 1002 963 951 927 920 947 924 892 907 905 953 944 941 978 893 937 956 964 984 990 950 942 931 931 915 905 939 908 894 917 899 866 893 927 920 963 936 924 931 906 912 970 931 938 963 1011 985 1033 998 958 943 976 927 941 892 884 926 907 911 924 957 904 934 887 893 902 871 898 850 919 887 925 906 878 855 903 927 934 899 932 915 878 839 827 870 875 849 830 827 812 835 854 856 842 842 819 904 868 848 829 844 803 805 816 808 828 838 817 798 815 830 814 821 809 834 798 825 809 845 864 890 877 899 861 904 846 901 881 883 868 881 855 906 854 843 871 867 874 877 892 890 919 855 882 887 908 896 954 932 1003 1046 1048 997 998 987 1003 978 965 956 936 944 944 1007 997 915 898 905 915 918 924 917 915 917 909 897 887 881 873 893 893 905 895 922 914 976 934 942 932 926 960 986 966 931 960 936 945 1003 932 943 947 961 943 966 1008 961 982 1016 951 955 932 943 959 932 996 980 985 992 1056 988 995 970 1026 1015 1014 986 977 976 975 947 942 978 977 993 993 1001 1025 1003 999 1030 997 980 964 999 960 1004 981 1013 1064 1044 996 1040 1054 1001 996 991 993 982 979 1000 994 1016 1050 1043 1001 1016 970 995 1015 1027 995 1035 987 1004 953 995 986 1006 986 996 981 979 977 989 1032 1026 1006 1036 1020 1018 1043 1032 1036 1009 996 1000 1001 1007 1008 1012 978 987 949 983 1009 1005 1011 1023 1028 1023 1004 996 1012 1025 1028 1017 984 955 989 1015 1020 996 1016 1017 1002 979 1004 986 984 1022 1038 1000 1038 1009 1029 1036 1065 1031 1062 1026 1040 1017 1000 1005 1044 996 1022 999 1010 959 954 970 979 1021 1038 1028 1062 1011 1023 960 922 952 979 967 992 1010 1010 975 983 953 984 967 949 915 916 924 920 923 877 981 989 954 992 997 984 946 977 969 911 925 941 1005 939 954 977 964 958 957 978 964 996 979 969 975 979 942 986 951 928 964 961 973 930 945 983 979 969 984 973 993 1004 984 965 955 1008 1000 996 988 977 1001 1017 970 982 971 967 1007 997 1009 990 1021 983 921 909 904 897 926 905 893 928 954 943 943 938 957 1000 1057 1005 1068 1012 1060 1051 986 1057 1023 1042 985 961 954 1014 1010 983 990 949 1017 1016 1034 989 976 970 993 994 1022 975 993 1007 1008 972 989 982 980 984 944 925 948 995 976 1014 994 1005 977 1003 928 899 944 932 917 922 894 938 997 958 1018 964 993 1019 979 1015 955 995 963 1007 1029 1012 950 941 950 995 983 945 1025 1002 1003 1001 1039 1062 1040 982 1017 1024 1023 1027 1048 1040 1063 1130 1146 1089 1117 1144 1177 1218 1182 1193 1113 1162 1126 1182 1160 1137 1135 1150 1118 1060 1117 1161 1150 1164 1153 1124 1144 1152 1189 1178 1131 1118 1166 1192 1176 1219 1268 1174 1190 1239 1238 1246 1250 1268 1271 1255 1254 1224 1251 1195 1227 1239 1279 1284 1219 1239 1270 1237 1292 1302 1325 1282 1289 1267 1325 1347 1373 1336 1305 1353 1321 1285 1347 1313 1304 1348 1380 1374 1386 1364 1388 1399 1353 1384 1405 1402 1419 1333 1439 1410 1375 1439 1472 1414 1397 1371 1441 1466 1396 1400 1400 1419 1483 1474 1431 1424 1474 1501 1528 1502 1474 1488 1505 1499 1545 1473 1477 1457 1434 1479 1474 1462 1497 1437 1547 1504 1456 1473 1446 1438 1446 1460 1485 1524 1481 1459 1497 1472 1460 1426 1461 1415 1385 1379 1460 1451 1406 1392 1461 1388 1423 1388 1345 1436 1477 1418 1362 1393 1382 1412 1400 1369 1403 1352 1295 1364 1356 1374 1364 1332 1328 1409 1361 1316 1318 1329 1349 1358 1326 1341 1300 1313 1349 1285 1288 1308 1318 1363 1318 1362 1309 1257 1268 1287 1270 1294 1252 1280 1238 1301 1242 1197 1230 1245 1235 1191 1160 1172 1197 1170 1139 1163 1103 1101 1130 1092 1115 1095 1086 1109 1061 1087 1050 1071 1044 1067 1031 1026 1048 1086 1087 1037 1042 1019 1028 1047 1074 1136 1043 989 987 974 953 998 1026 1009 1066 994 1003 965 1007 1004 1001 983 984 979 1022 1041 1051 1012 1000 1002 1044 1075 1050 981 1006 998 1005 979 960 974 995 1018 1018 980 978 972 946 965 977 930 934 967 950 916 902 921 928 915 882 915 904 896 883 863 885 935 954 893 927 952 977 989 943 919 945 952 975 933 973 950 960 937 930 1001 966 910 959 958 980 946 936 919 978 949 981 1002 990 975 1006 1008 967 931 950 945 954 960 943 949 931 938 916 901 895 911 921 920 921 927 904 954 934 945 946 990 1014 970 1005 980 938 979 991 984 973 991 1011 1034 993 1029 1043 1039 1005 1007 1081 1005 1035 1054 1048 1032 1028 1060 1084 1039 1092 1161 1087 1097 1091 1077 1111 1136 1122 1104 1117 1146 1183 1214 1191 1211 1230 1188 1213 1162 1170 1144 1166 1176 1180 1178 1196 1147 1170 1198 1176 1146 1208 1154 1124 1164 1179 1153 1174 1138 1151 1151 1096 1094 1089 1081 1026 1084 1088 1055 1080 1070 1114 1145 1127 1079 1115 1128 1174 1140 1086 1114 1125 1116 1079 1062 1029 1049 1063 1083 1061 1131 1059 1075 1058 1038 1054 1084 1035 1083 1068 1062 1091 1089 1098 1150 1165 1119 1134 1136 1165 1133 1117 1142 1146 1071 1078 1095 1132 1142 1123 1162 1175 1144 1148 1158 1183 1189 1088 1137 1124 1140 1201 1197 1115 1177 1206 1231 1231 1177 1198 1221 1241 1210 1265 1242 1202 1273 1237 1291 1235 1261 1289 1234 1237 1191 1239 1258 1224 1229 1264 1281 1283 1197 1217 1260 1264 1253 1235 1229 1203 1201 1208 1220 1212 1205 1187 1217 1221 1175 1185 1207 1203 1227 1190 1235 1193 1177 1207 1223 1196 1131 1113 1143 1148 1170 1182 1147 1131 1177 1149 1147 1152 1127 1104 1086 1051 1099 1107 1115 1119 1092 1129 1135 1091 1108 1163 1199 1151 1138 1161 1196 1162 1186 1140 1204 1198 1180 1134 1168 1158 1112 1098 1115 1095 1133 1164 1100 1128 1158 1129 1129 1166 1153 1155 1141 1106 1128 1110 1110 1061 1076 1136 1099 1115 1077 1063 1105 1063 1060 1030 1120 1132 1168 1165 1211 1126 1132 1229 1227 1216 1199 1221 1244 1272 1247 1214 1188 1212 1179 1186 1167 1258 1289 1245 1202 1265 1253 1228 1227 1192 1216 1269 1193 1255 1202 1209 1218 1223 1222 1160 1208 1220 1223 1192 1249 1256 1290 1227 1267 1236 1214 1219 1171 1257 1234 1250 1196 1253 1243 1199 1270 1231 1196 1212 1249 1150 1225 1270 1277 1190 1210 1198 1209 1216 1209 1258 1233 1233 1160 1161 1179 1171 1232 1282 1139 1179 1209 1150 1129 1147 1129 1150 1164 1122 1183 1173 1165 1161 1079 1092 1141 1119 1131 1125 1135 1083 1121 1118 1040 1008 1053 987 1066 1086 1162 1137 1091 1036 1030 1063 1062 1045 1087 1120 1062 1070 1061 1083 1057 1035 1056 1056 1021 1044 1086 1067 1107 1129 1101 1071 1086 1072 1123 1091 1102 1078 1091 1053 1045 1035 1030 1028 1061 989 1032 1048 1044 993 1039 1030 1078 1049 1010 1017 1038 1019 1006 979 1042 1026 1009 1080 1058 1024 1039 1037 1043 1024 1025 1039 988 975 963 1025 974 1030 975 1064 1037 1057 1065 1024 1054 1035 1084 1117 1117 1121 1163 1103 1142 1079 1062 1136 1100 1089 1022 997 1033 1043 1063 1041 1029 994 1068 1043 1042 1045 1070 1059 1060 1090 1084 1124 1074 1065 1039 1069 1049 1153 1148 1112 1079 1077 1050 1114 1105 1114 1129 1070 1048 1098 1109 1089 1079 1060 1041 1068 1073 1102 1059 1065 1064 1126 1136 1148 1118 1113 1067 1145 1135 1184 1165 1189 1194 1147 1109 1093 1148 1093 1141 1086 1095 1106 1131 1119 1166 1070 1048 1102 1112 1082 1047 1063 1076 1088 1113 1076 1030 1015 1042 1069 1082 1083 1054 1070 1109 1021 1066 1078 1074 1081 1054 1052 1021 1039 1047 1042 1021 1050 1039 1039 1094 1086 1075 1072 1142 1096 1006 1067 1024 1079 1084 1115 1118 1146 1139 1087 1073 1072 1026 1092 1098 1136 1093 1119 1123 1107 1182 1189 1182 1177 1232 1139 1186 1143 1160 1160 1148 1180 1147 1168 1176 1215 1152 1108 1123 1130 1148 1159 1149 1133 1223 1202 1141 1130 1142 1157 1159 1136 1118 1146 1143 1174 1170 1141 1177 1129 1137 1162 1106 1130 1110 1184 1167 1156 1150 1122 1196 1150 1184 1212 1165 1188 1128 1135 1127 1133 1150 1149 1194 1159 1151 1153 1157 1155 1165 1163 1088 1135 1199 1159 1155 1188 1180 1212 1160 1182 1226 1220 1230 1154 1146 1183 1277 1164 1198 1209 1235 1204 1182 1134 1150 1141 1174 1156 1203 1188 1136 1153 1183 1261 1302 1260 1243 1175 1274 1277 1227 1240 1164 1221 1217 1240 1194 1116 1150 1136 1116 1121 1063 1108 1156 1154 1178 1070 1128 1170 1221 1150 1093 1200 1262 1242 1177 1169 1218 1222 1208 1137 1085 1101 1106 1048 1052 1095 1140 1101 1080 1062 1097 1117 1111 1135 1112 1124 1121 1132 1058 1094 1011 1094 1082 1039 1045 1026 998 1047 1056 1115 1116 1132 1121 1115 1042 1036 1115 1117 1151 1106 1081 1118 1140 1178 1094 1068 1118 1105 1109 1152 1112 1162 1076 1070 1084 1041 1052 1037 1041 1056 1019 1095 1062 1041 1100 1069 1094 1092 1083 1024 1038 1084 1133 1090 1124 1038 1100 1039 1036 1093 1086 1054 1076 1102 1085 1070 1062 1096 1071 1092 1103 1121 1058 1064 1074 1144 1121 1120 1075 1081 1124 1149 1110 1067 1077 994 1011 1023 1060 1018 1000 985 1022 1077 1032 1057 1084 1068 1015 1007 1024 975 1012 1041 1018 1029 1066 1073 1058 1037 1041 1032 1081 1063 1047 1022 1069 1050 1050 1065 1028 1013 1038 1044 1074 1097 1087 1096 1132 1140 1137 1115 1101 1113 1123 1134 1116 1090 1125 1080 1122 1069 1066 1094 1070 1077 1089 1071 1100 1043 1023 1024 1027 1075 1055 1056 1086 1009 999 1021 1039 1053 1000 1073 997 1091 1014 1050 1016 1011 1019 1060 1069 1032 1016 1153 1129 1118 1184 1142 1181 1176 1174 1128 1151 1125 1195 1145 1167 1164 1197 1229 1221 1279 1232 1262 1254 1280 1299 1292 1290 1289 1331 1293 1263 1228 1302 1287 1251 1263 1291 1236 1263 1307 1265 1278 1306 1296 1350 1310 1291 1309 1312 1288 1337 1315 1274 1343 1280 1327 1305 1281 1364 1339 1377 1353 1321 1312 1347 1307 1299 1348 1345 1372 1341 1371 1340 1324 1286 1343 1348 1291 1335 1252 1289 1267 1300 1304 1303 1298 1292 1266 1343 1294 1296 1288 1272 1296 1266 1283 1270 1282 1319 1309 1325 1269 1335 1301 1285 1310 1296 1322 1250 1279 1266 1285 1282 1302 1328 1281 1347 1299 1309 1301 1296 1270 1294 1302 1346 1371 1310 1333 1295 1302 1280 1268 1238 1369 1315 1283 1323 1301 1345 1374 1339 1332 1248 1238 1221 1201 1227 1226 1285 1277 1277 1274 1228 1260 1239 1274 1238 1272 1224 1249 1311 1290 1266 1272 1288 1297 1310 1314 1285 1287 1315 1306 1286 1312 1302 1337 1326 1348 1304 1296 1291 1294 1262 1272 1294 1229 1271 1243 1253 1304 1247 1215 1221 1248 1258 1314 1269 1266 1260 1265 1323 1284 1273 1277 1226 1268 1267 1220 1288 1324 1280 1236 1282 1245 1265 1260 1281 1243 1295 1316 1266 1247 1248 1225 1245 1242 1262 1263 1335 1304 1240 1178 1187 1245 1201 1206 1239 1192 1272 1249 1295 1233 1250 1216 1229 1292 1259 1280 1290 1259 1283 1292 1332 1310 1283 1274 1292 1257 1268 1310 1299 1281 1342 1296 1316 1343 1299 1354 1321 1280 1269 1249 1234 1204 1254 1259 1276 1208 1288 1297 1262 1306 1290 1319 1270 1213 1207 1202 1250 1260 1256 1270 1217 1245 1227 1228 1252 1188 1198 1244 1244 1187 1183 1174 1203 1180 1190 1188 1220 1192 1222 1222 1176 1232 1219 1251 1234 1217 1223 1271 1255 1267 1250 1230 1326 1310 1298 1222 1249 1192 1226 1207 1234 1187 1086 1128 1087 1105 1118 1117 1075 1068 1084 1085 1072 1110 1096 1116 1111 1107 1189 1175 1156 1137 1169 1193 1224 1172 1135 1190 1144 1211 1218 1170 1173 1155 1128 1170 1147 1142 1125 1125 1136 1149 1164 1161 1188 1164 1178 1162 1146 1172 1107 1095 1118 1090 1105 1091 1101 1067 1156 1126 1075 1064 1105 1045 1042 1021 1069 1111 1072 1045 1054 1067 1031 1064 1113 1097 1081 1073 1140 1078 1032 1102 1138 1128 1072 1081 1078 1099 1081 1098 1099 1112 1165 1115 1104 1021 1048 1085 1114 1113 1084 1092 1120 1095 1103 1109 1110 1146 1114 1116 1126 1139 1182 1105 1076 1086 1132 1113 1113 1054 1046 1128 1115 1062 1019 1039 1077 1035 1047 1077 1119 1070 1034 1054 1020 1061 1071 1048 1052 1054 1102 1026 1021 1065 1002 1052 1088 1045 1035 1036 1001 1044 1101 1020 1060 1032 1068 1056 1072 1052 1041 1012 1034 1028 1100 1067 1036 1025 1069 1067 1062 1059 1096 1050 1017 1116 1157 1146 1099 1129 1115 1138 1201 1159 1163 1165 1150 1172 1136 1196 1120 1206 1192 1140 1176 1177 1222 1197 1241 1251 1222 1208 1217 1206 1202 1178 1173 1176 1197 1274 1254 1297 1221 1259 1237 1231 1213 1230 1275 1287 1247 1277 1264 1293 1348 1299 1295 1341 1264 1232 1308 1232 1243 1298 1308 1266 1254 1248 1279 1262 1257 1213 1181 1174 1229 1186 1223 1200 1242 1182 1175 1184 1153 1172 1205 1184 1212 1200 1208 1219 1272 1289 1276 1273 1265 1303 1338 1310 1309 1288 1299 1298 1255 1251 1205 1186 1214 1304 1204 1231 1198 1250 1213 1172 1234 1203 1231 1228 1150 1233 1230 1261 1215 1191 1194 1198 1225 1244 1244 1233 1228 1221 1180 1207 1198 1216 1233 1269 1188 1251 1277 1308 1318 1273 1218 1198 1163 1180 1190 1218 1211 1249 1257 1227 1173 1166 1154 1200 1197 1241 1183 1211 1213 1169 1184 1229 1224 1187 1209 1254 1215 1216 1221 1191 1177 1162 1203 1220 1192 1201 1186 1205 1184 1164 1136 1201 1162 1208 1165 1187 1145 1187 1151 1196 1125 1136 1121 1134 1164 1156 1125 1092 1112 1106 1070 1145 1106 1053 1081 1157 1065 1104 1093 1075 1034 1048 1022 1059 1055 1109 1078 1062 1069 1109 1023 1046 1097 1057 1031 1008 999 1020 1046 1029 1088 1041 1088 1073 1098 1124 1080 1101 1126 1035 1047 1025 1078 1057 1048 1071 1064 1082 1101 1093 1038 1071 1070 1076 1053 1019 1036 1056 1075 1086 1067 1070 1053 1039 1030 1033 1034 1050 1046 1056 1067 999 1060 1084 1115 1076 1050 1032 1054 1028 1015 1020 1016 1064 1023 985 1039 1046 1047 1049 1041 958 1039 1040 1052 1035 1041 1025 995 1043 1047 1035 1024 1073 1025 1018 1070 1082 1070 1092 1137 1085 1055 1067 1075 1119 1156 1104 1113 1033 1101 1081 1076 1074 1145 1096 1146 1113 1098 1097 1113 1101 1111 1104 1078 1158 1083 1118 1087 1082 1103 1066 999 1054 1015 1030 1020 1021 1014 1040 1005 995 1006 1060 1048 1027 970 1018 1022 996 990 979 963 982 1049 1041 1027 1035 1068 1045 1016 1041 1019 1002 956 983 1035 977 979 1016 1010 1042 1015 962 927 961 931 918 888 907 953 922 936 938 923 915 903 912 983 959 959 922 942 909 933 897 985 1014 943 940 952 986 991 972 928 952 904 950 947 991 926 918 889 876 923 871 892 894 905 898 843 851 807 822 851 849 837 821 854 876 871 880 845 849 844 863 886 915 942 897 853 862 906 919 951 932 910 863 850 864 931 915 913 943 961 960 927 912 958 966 1005 942 936 924 985 984 999 1051 1021 1030 1046 1062 1088 1022 1076 1096 1094 1035 1035 1004 1041 1063 1112 1069 1137 1101 1126 1107 1069 1091 1117 1125 1054 1092 1148 1141 1140 1174 1131 1040 1064 1088 1096 1070 1083 1067 1082 1061 1125 1132 1110 1038 1031 1048 1080 1081 1063 1070 1068 1095 1093 1074 1099 1107 1081 1102 1103 1125 1109 1033 1104 1070 1132 1162 1198 1144 1166 1198 1210 1121 1123 1121 1113 1125 1139 1172 1149 1135 1098 1077 1073 1030 962 996 964 974 954 988 976 971 988 937 944 936 974 935 936 931 932 918 898 977 973 980 970 920 874 940 904 916 954 993 1000 948 969 959 1000 1046 1048 990 972 967 1045 1051 1021 1059 1072 1046 1110 1066 1081 1112 1127 1129 1103 1165 1092 1161 1158 1106 1166 1122 1096 1154 1134 1102 1033 1065 1042 1083 1074 1060 1007 1020 966 1002 1031 980 1024 980 989 949 1003 919 897 901 1024 954 965 955 899 968 950 1009 1031 955 953 994 966 991 998 1001 1015 1005 999 1066 1141 1112 1095 1168 1141 1080 1135 1198 1174 1190 1187 1172 1141 1140 1190 1176 1101 1071 1108 1173 1132 1175 1156 1142 1164 1220 1162 1161 1142 1152 1175 1212 1172 1176 1121 1149 1125 1140 1134 1066 1087 1079 1162 1161 1131 1136 1273 1260 1266 1266 1243 1327 1336 1316 1338 1371 1251 1289 1280 1257 1299 1277 1354 1422 1333 1341 1305 1274 1272 1151 1143 1144 1162 1123 1147 1155 1129 1169 1137 1110 1121 1086 1010 1068 1046 1049 1022 1022 1015 960 956 1025 986 1002 971 991 939 966 941 965 943 891 895 875 898 875 853 868 849 855 853 860 905 900 859 882 826 768 757 699 674 648 627 609 615 639 615 594 557 542 546 528 542 523 492 483 479 454 551 547 551 557 565 550 540 534 564 567 556 605 569 559 565 531 505 491 502 469 467 452 416 396 361 311 299 284 307 338 356 373 362 344 344 328 321 302 297 312 301 270 266 251 266 261 256 246 216 206 210 221 225 228 254 271 257 256 233 203 188 179 183 183 189 198 200 198 199 222 228 248 224 247 218 181 199 242 271 260 260 280 315 335 360 365 384 371 348 383 348 395 382 369 332 327 365 384 404 392 381 421 404 431 454 436 404 414 423 441 411 400 472 474 463 478 506 477 435 414 405 377 387 356 322 345 360 360 344 360 407 384 366 364 352 343 345 329 327 367 307 292 314 300 269 251 243 250 274 284 296 311 334 323 288 313 342 348 394 376 395 416 411 404 408 352 339 300 277 239 208 195 180 151 155 152 130 143 146 164 176 197 210 246 224 218 195 212 266 275 304 328 307 313 313 282 296 324 339 359 391 419 420 449 410 446 457 443 473 399 360 363 327 303 291 273 268 251 258 251 250 224 188 187 185 213 214 241 288 293 316 334 365 373 389 440 449 467 507 499 498 489 460 464 449 419 402 381 349 331 323 326 287 266 223 185 178 169 154 157 163 175 170 149 159 176 208 224 209 226 236 244 282 315 361 397 410 466 481 530 543 543 531 572 592 582 590 591 546 552 534 543 524 533 533 515 483 473 439 398 365 366 336 309 267 255 236 223 204 213 208 211 231 232 227 237 244 264 270 282 330 348 347 311 315 306 290 296 275 266 235 227 227 227 198 179 185 191 191 196 215 202 219 233 264 282 307 316 342 347 354 380 362 346 343 343 325 308 303 286 291 302 289 298 282 289 286 279 246 263 295 303 328 348 394 417 426 436 417 453 439 454 428 450 416 410 391 385 347 342 321 302 275 253 253 263 234 271 256 255 279 297 290 304 337 386 416 447 458 445 425 435 447 444 457 432 439 439 453 454 466 459 474 497 506 535 567 581 623 646 681 697 702 705 670 693 657 707 694 724 698 683 672 680 670 619 634 630 658 678 635 655 635 592 627 597 594 588 604 585 590 568 534 558 543 535 529 571 572 628 624 648 656 629 633 637 566 600 587 566 592 611 637 649 625 676 670 651 636 618 622 594 612 584 595 616 601 600 625 641 578 542 527 537 530 544 573 568 556 542 541 529 540 562 556 550 574 580 602 623 626 615 627 625 609 604 596 642 617 620 589 611 614 619 607 649 646 641 635 636 658 644 653 677 638 646 674 645 666 639 642 667 663 641 621 605 562 553 529 504 443 421 385 348 330 352 309 317 291 286 284 270 266 240 218 200 173 163 157 132 125 107 99 90 93 86 88 90 87 94 88 92 88 96 104 136 164 180 183 206 224 238 247 252 299 296 306 318 327 325 367 373 315 323 314 337 314 288 278 290 231 242 221 201 186 174 179 169 176 161 165 177 168 177 177 206 219 253 277 290 293 322 328 329 317 314 313 318 282 292 280 267 273 261 237 218 201 178 172 158 144 132 126 100 90 82 80 80 80 80 80 80 80 80 80 80 80 80 80 80 80 80 80 80 80 80 80 80 80 80 80 80 80 80 80 80 80 80 80 80 80 80 80 80 80 80 80 80 80 80 80 80 80 80 80 80 80 80 80 80 80 80 80 80 80 80 80 80 80 80 80 80 bytes
[Exif IFD0 - 0x011a] X Resolution = 72 dots per inch
[Exif IFD0 - 0x011b] Y Resolution = 72 dots per inch
[Exif IFD0 - 0x011c] Planar Configuration = Chunky (contiguous for each subsampling pixel)
[Exif IFD0 - 0x0128] Resolution Unit = Inch
[Exif IFD0 - 0x0140] Unknown tag (0x0140) = [768 values]
[Exif IFD0 - 0x830e] Pixel Scale = 2.438 2.438 0
[Exif IFD0 - 0x8482] Model Tie Point = 0 0 0 740726.437 4557390.415 0

[GeoTIFF - 0x0400] Model Type = Projected
[GeoTIFF - 0x0401] Raster Type = PixelIsArea
[GeoTIFF - 0x0c00] Projected Coordinate System Type = WGS84 UTM zone 17N
[GeoTIFF - 0x0c01] Projected Coordinate System Citation = UTM Zone 17 N with WGS84

[File Type - 0x0001] Detected File Type Name = TIFF
[File Type - 0x0002] Detected File Type Long Name = Tagged Image File Format
[File Type - 0x0003] Detected MIME Type = image/tiff
[File Type - 0x0004] Expected File Name Extension = tiff

[File - 0x0001] File Name = o41078a1.tif
[File - 0x0002] File Size = 6238706 bytes
[File - 0x0003] File Modified Date = <omitted for regression testing as checkout dependent>

- Exif IFD0
    - GeoTIFF
- File Type
- File

Generated using metadata-extractor
https://drewnoakes.com/code/exif/
