FILE: o41078a2.tif
TYPE: TIFF

[Exif IFD0 - 0x00fe] New Subfile Type = Full-resolution image
[Exif IFD0 - 0x0100] Image Width = 5022 pixels
[Exif IFD0 - 0x0101] Image Height = 6785 pixels
[Exif IFD0 - 0x0102] Bits Per Sample = 8 bits/component/pixel
[Exif IFD0 - 0x0103] Compression = PackBits
[Exif IFD0 - 0x0106] Photometric Interpretation = RGB Palette
[Exif IFD0 - 0x0111] Strip Offsets = [6785 values]
[Exif IFD0 - 0x0115] Samples Per Pixel = 1 samples/pixel
[Exif IFD0 - 0x0116] Rows Per Strip = 1 rows/strip
[Exif IFD0 - 0x0117] Strip Byte Counts = 80 80 80 80 80 80 80 80 80 80 80 80 80 80 80 80 80 83 80 80 80 80 80 83 82 82 82 82 83 82 82 82 88 86 88 88 86 90 91 88 90 94 93 88 107 121 112 123 135 141 144 164 165 167 170 180 183 204 206 213 224 226 234 226 250 252 261 246 249 254 249 231 222 228 225 209 223 206 196 191 176 171 170 156 155 140 136 122 114 110 102 95 98 100 94 100 115 125 136 144 136 135 146 167 159 158 167 171 183 198 197 201 189 232 236 248 266 263 257 263 262 262 236 236 244 214 212 212 196 188 178 158 138 133 133 146 115 124 108 102 107 116 118 125 127 128 143 157 172 176 178 192 197 197 198 206 209 209 232 235 245 238 231 241 250 265 224 209 210 199 207 202 193 203 173 153 148 137 132 122 123 126 114 108 101 91 86 84 86 90 103 107 134 118 128 129 136 147 170 167 165 170 162 157 171 165 171 180 176 176 186 180 179 190 186 177 171 178 176 190 209 201 198 173 165 162 158 156 145 130 132 127 127 138 156 176 181 172 172 173 205 222 237 259 288 338 336 346 340 356 352 367 397 430 408 366 394 399 411 450 476 446 484 440 410 377 379 351 362 389 339 329 315 325 276 275 300 310 342 362 377 341 323 359 376 375 402 416 402 431 467 447 454 419 482 480 461 476 490 482 535 565 549 623 628 673 714 689 717 677 681 660 716 701 746 749 738 748 724 737 741 755 722 768 803 786 763 786 777 764 736 713 748 697 689 677 705 699 727 759 782 748 704 708 700 695 713 734 745 749 728 703 735 721 690 707 718 727 777 801 788 798 769 777 833 795 812 841 874 912 959 919 934 919 924 945 929 912 940 926 923 901 876 910 940 909 961 953 956 986 975 972 1014 998 1021 981 973 976 1063 1032 1002 1015 979 987 971 983 955 974 905 921 899 884 893 914 938 969 965 943 907 957 950 950 959 987 995 1006 1026 985 997 1005 1001 991 1003 982 959 1003 1000 1038 976 1004 1044 1075 1069 1051 1095 1088 1039 1074 1105 1067 1080 1109 1037 1016 1046 1040 1010 984 987 968 976 948 970 983 967 995 968 1027 1029 1013 1039 999 943 985 971 965 946 935 961 966 971 969 985 943 932 957 962 975 975 960 977 986 1013 1035 1052 1023 1024 980 1025 1025 1018 1032 965 967 991 1014 1043 1033 1095 1066 1023 999 1030 1002 1003 1007 1021 1057 1059 1092 1071 1089 1123 1112 1145 1147 1116 1146 1148 1144 1191 1147 1178 1179 1190 1225 1207 1180 1191 1193 1243 1218 1245 1168 1209 1184 1150 1183 1181 1188 1216 1218 1177 1182 1176 1220 1237 1203 1246 1183 1220 1234 1228 1251 1203 1204 1221 1183 1175 1190 1177 1206 1191 1187 1159 1125 1133 1191 1169 1176 1140 1158 1143 1141 1178 1149 1181 1180 1142 1135 1181 1161 1206 1189 1236 1207 1193 1188 1176 1177 1151 1140 1143 1095 1126 1143 1207 1248 1191 1203 1199 1220 1206 1253 1253 1236 1208 1251 1280 1225 1204 1163 1153 1176 1158 1178 1210 1235 1226 1250 1214 1231 1235 1225 1199 1222 1203 1222 1219 1221 1234 1236 1189 1221 1218 1199 1179 1166 1150 1165 1185 1157 1230 1173 1234 1200 1251 1220 1227 1195 1230 1220 1205 1272 1274 1268 1278 1221 1271 1277 1295 1252 1253 1313 1286 1312 1288 1290 1290 1323 1277 1329 1347 1298 1322 1294 1293 1295 1274 1271 1309 1328 1323 1314 1305 1333 1317 1297 1287 1294 1399 1355 1379 1360 1372 1392 1369 1380 1309 1351 1322 1374 1346 1371 1354 1326 1338 1357 1408 1383 1344 1349 1314 1353 1308 1326 1277 1315 1335 1304 1317 1323 1350 1366 1359 1355 1328 1316 1314 1342 1329 1300 1306 1335 1329 1298 1291 1317 1337 1365 1310 1289 1270 1306 1305 1328 1297 1289 1246 1304 1347 1330 1324 1358 1323 1370 1387 1347 1358 1338 1288 1338 1307 1297 1303 1350 1303 1319 1260 1223 1293 1307 1340 1225 1229 1269 1306 1253 1286 1272 1245 1247 1220 1185 1209 1182 1206 1188 1236 1187 1179 1209 1152 1197 1135 1196 1182 1190 1213 1175 1184 1187 1159 1169 1185 1194 1152 1236 1203 1211 1219 1204 1191 1219 1190 1206 1190 1216 1222 1229 1236 1223 1222 1196 1199 1264 1301 1271 1272 1239 1228 1217 1241 1291 1271 1253 1272 1322 1310 1297 1275 1293 1286 1324 1339 1322 1317 1325 1322 1384 1360 1338 1317 1286 1291 1264 1242 1255 1252 1316 1253 1280 1258 1232 1243 1248 1220 1268 1246 1286 1243 1302 1262 1251 1245 1223 1199 1281 1203 1217 1196 1222 1229 1224 1265 1285 1265 1211 1237 1212 1211 1212 1188 1228 1238 1240 1190 1177 1217 1265 1225 1286 1239 1264 1235 1232 1243 1290 1259 1230 1177 1144 1222 1220 1192 1223 1201 1179 1192 1192 1199 1176 1185 1162 1148 1147 1112 1095 1117 1160 1147 1152 1117 1127 1105 1123 1137 1152 1126 1153 1177 1165 1189 1185 1197 1169 1215 1194 1194 1143 1120 1153 1120 1127 1093 1058 1074 1067 1053 1087 1103 1077 1109 1135 1120 1106 1117 1090 1127 1142 1159 1126 1099 1154 1148 1101 1123 1061 1104 1153 1155 1163 1151 1111 1118 1104 1111 1108 1191 1187 1180 1172 1188 1188 1162 1166 1178 1183 1146 1146 1160 1156 1148 1103 1116 1212 1189 1143 1121 1140 1128 1090 1128 1102 1091 1121 1177 1083 1092 1093 1144 1139 1130 1174 1103 1142 1160 1165 1092 1132 1167 1142 1115 1106 1120 1108 1091 1100 1111 1110 1151 1121 1118 1093 1083 1129 1140 1163 1135 1110 1134 1152 1145 1133 1144 1151 1178 1207 1148 1153 1108 1057 1042 1008 1057 1129 1105 1064 1025 1063 1040 1058 1035 1029 1053 998 991 988 1018 1001 1037 1027 936 978 1017 1010 997 1035 1001 1015 964 895 904 949 909 941 984 974 955 951 919 940 962 938 915 963 906 912 901 930 886 911 878 885 897 913 921 908 868 891 906 859 852 832 868 884 865 845 856 837 886 927 930 924 935 954 968 982 993 991 1022 991 1019 987 997 1060 1014 1065 1041 1061 1064 1065 1040 1061 1116 1101 1121 1079 1112 1108 1034 1015 1021 1024 1032 1022 1088 1083 1094 1105 1062 1048 1042 1037 1073 1106 1132 1132 1105 1124 1101 1087 1162 1124 1103 1096 1130 1133 1093 1047 1064 1068 1039 1084 1106 1081 1067 1112 1150 1102 1089 1117 1120 1136 1119 1090 1149 1131 1155 1131 1102 1060 1099 1074 1129 1152 1125 1111 1082 1082 1081 1043 1052 1126 1142 1100 1078 1117 1132 1175 1210 1167 1116 1127 1155 1139 1155 1192 1167 1143 1119 1163 1137 1137 1144 1128 1149 1158 1220 1173 1145 1181 1165 1084 1064 1089 1131 1072 1052 1042 1101 1126 1093 1121 1069 1028 1028 1101 1146 1077 1085 1019 1022 1018 1010 1031 1051 1064 1057 1069 1060 1044 1055 1010 1013 982 977 984 1029 975 956 989 1022 1014 1001 1046 1045 1077 1054 1011 962 982 989 1036 1098 1056 1022 995 1001 981 879 920 940 921 970 946 959 958 950 967 1009 969 982 1060 1036 1070 1060 1010 1009 1058 1038 1013 1017 1004 986 1072 1076 1074 1081 1032 987 1007 1033 1019 991 994 1027 1075 1027 1088 1028 1058 1060 1055 1085 1095 1044 1071 1052 991 1074 1067 1098 1084 979 991 1034 1079 1071 974 1066 1079 1065 1097 1090 1093 1094 1115 1117 1061 1047 1050 1026 1014 1002 1013 1054 997 1050 986 947 1023 1018 1043 1018 1028 1039 989 985 1017 994 1004 1012 1014 1024 1079 1076 1038 1035 998 1028 1046 1072 1071 1063 1045 1080 1060 1044 1048 1047 1052 1023 1086 1062 1001 992 980 1003 1006 1019 1046 1072 1072 1055 1025 992 1007 1031 1030 995 971 991 1033 1024 1032 1089 1075 1080 1067 1083 1100 1061 1107 1113 1089 1135 1088 1145 1176 1130 1106 1143 1189 1216 1224 1212 1219 1169 1168 1208 1241 1149 1227 1200 1269 1245 1167 1184 1168 1197 1265 1304 1224 1269 1219 1181 1209 1130 1200 1252 1220 1223 1237 1310 1342 1320 1326 1276 1268 1306 1275 1274 1292 1315 1369 1334 1309 1300 1311 1325 1282 1257 1228 1283 1272 1272 1225 1286 1280 1259 1228 1306 1240 1243 1232 1191 1159 1103 1119 1144 1185 1148 1174 1170 1138 1151 1209 1128 1155 1138 1081 1105 1111 1160 1134 1163 1155 1143 1108 1144 1147 1117 1155 1115 1092 1123 1118 1116 1136 1154 1122 1110 1142 1145 1188 1203 1161 1125 1153 1162 1148 1192 1187 1197 1192 1189 1203 1274 1289 1248 1265 1211 1233 1236 1220 1241 1176 1255 1223 1270 1278 1302 1321 1312 1299 1312 1281 1300 1250 1291 1301 1274 1322 1274 1263 1347 1269 1326 1320 1302 1300 1278 1260 1287 1294 1263 1255 1251 1212 1216 1257 1250 1233 1236 1260 1211 1232 1250 1326 1331 1305 1256 1276 1191 1249 1253 1221 1223 1252 1241 1266 1234 1310 1316 1273 1276 1299 1247 1252 1260 1254 1219 1244 1309 1277 1235 1257 1296 1306 1299 1278 1238 1317 1279 1319 1326 1355 1306 1313 1322 1363 1313 1272 1308 1335 1342 1295 1317 1304 1343 1289 1325 1356 1373 1348 1322 1351 1362 1373 1353 1383 1389 1365 1369 1372 1379 1387 1388 1377 1426 1416 1419 1375 1409 1387 1389 1424 1440 1369 1427 1400 1386 1449 1379 1417 1401 1375 1383 1320 1375 1396 1384 1478 1441 1410 1405 1447 1460 1412 1409 1494 1420 1439 1449 1419 1409 1448 1464 1419 1466 1436 1412 1463 1479 1459 1404 1400 1378 1388 1414 1478 1423 1463 1404 1424 1456 1439 1359 1332 1345 1420 1440 1450 1453 1428 1382 1365 1353 1368 1414 1441 1306 1377 1362 1354 1352 1354 1351 1377 1370 1397 1388 1350 1413 1383 1413 1397 1417 1371 1349 1412 1354 1284 1348 1372 1342 1365 1353 1418 1406 1423 1365 1352 1372 1371 1376 1398 1355 1317 1303 1369 1338 1334 1365 1376 1345 1318 1294 1343 1352 1343 1378 1354 1374 1350 1345 1363 1328 1337 1340 1321 1343 1399 1411 1388 1415 1415 1467 1438 1464 1442 1417 1427 1395 1458 1463 1422 1435 1497 1426 1468 1498 1496 1440 1487 1432 1452 1468 1594 1576 1563 1556 1588 1571 1527 1514 1525 1567 1655 1550 1621 1628 1612 1603 1668 1627 1663 1612 1603 1591 1652 1661 1625 1631 1637 1615 1600 1563 1650 1627 1624 1646 1591 1635 1632 1631 1604 1602 1673 1595 1592 1606 1576 1640 1637 1609 1630 1621 1598 1548 1566 1546 1538 1519 1508 1528 1572 1649 1619 1583 1520 1543 1535 1489 1549 1554 1480 1500 1522 1548 1461 1499 1466 1474 1521 1495 1489 1440 1495 1464 1488 1421 1496 1519 1516 1472 1494 1415 1412 1429 1421 1496 1489 1461 1485 1507 1447 1423 1520 1533 1493 1472 1469 1484 1541 1498 1530 1514 1485 1440 1440 1452 1401 1482 1479 1499 1500 1464 1446 1455 1482 1486 1474 1410 1418 1448 1451 1437 1429 1416 1438 1440 1462 1496 1472 1504 1491 1481 1487 1460 1481 1401 1384 1375 1369 1399 1391 1369 1333 1345 1340 1370 1357 1372 1331 1371 1391 1359 1327 1342 1363 1377 1413 1307 1354 1324 1376 1381 1388 1324 1417 1367 1414 1422 1442 1406 1363 1385 1352 1324 1358 1391 1291 1378 1336 1363 1357 1338 1320 1327 1384 1346 1391 1350 1425 1379 1331 1311 1315 1282 1336 1318 1389 1399 1369 1366 1364 1405 1380 1386 1454 1403 1423 1392 1349 1303 1336 1384 1447 1409 1479 1453 1450 1426 1440 1451 1415 1436 1410 1423 1368 1370 1400 1421 1366 1395 1364 1362 1364 1344 1402 1385 1353 1416 1427 1411 1401 1388 1365 1374 1410 1364 1444 1461 1502 1560 1534 1475 1508 1466 1525 1483 1472 1413 1386 1430 1430 1407 1404 1441 1388 1361 1363 1382 1430 1382 1324 1327 1399 1444 1437 1409 1412 1418 1416 1469 1463 1484 1391 1368 1383 1375 1412 1420 1432 1415 1386 1381 1419 1400 1371 1425 1396 1446 1422 1424 1444 1535 1469 1440 1344 1390 1451 1463 1476 1420 1401 1409 1395 1422 1474 1491 1437 1478 1470 1441 1402 1440 1470 1505 1559 1573 1553 1535 1481 1507 1505 1455 1491 1552 1506 1523 1552 1485 1484 1470 1498 1555 1546 1490 1504 1409 1446 1448 1420 1500 1514 1473 1512 1469 1439 1416 1431 1407 1440 1424 1394 1421 1438 1421 1441 1383 1422 1384 1396 1411 1421 1380 1379 1374 1388 1403 1446 1418 1416 1403 1464 1450 1388 1352 1376 1356 1367 1397 1346 1361 1373 1335 1294 1289 1255 1302 1326 1373 1360 1379 1357 1333 1351 1330 1370 1389 1402 1348 1342 1329 1327 1305 1367 1351 1419 1394 1409 1439 1441 1369 1348 1319 1336 1296 1301 1317 1359 1339 1358 1324 1382 1394 1410 1329 1358 1333 1352 1309 1326 1261 1272 1239 1220 1249 1240 1209 1192 1219 1212 1196 1194 1166 1202 1191 1264 1246 1240 1224 1210 1180 1177 1185 1175 1202 1227 1201 1167 1161 1221 1220 1199 1221 1198 1207 1228 1185 1235 1234 1202 1190 1215 1227 1241 1158 1160 1170 1202 1196 1152 1174 1146 1174 1120 1150 1202 1207 1197 1142 1159 1220 1250 1164 1165 1155 1153 1126 1116 1143 1153 1142 1125 1090 1123 1112 1125 1170 1219 1237 1218 1230 1209 1164 1218 1175 1223 1204 1196 1207 1179 1196 1191 1160 1184 1194 1225 1198 1169 1136 1095 1147 1133 1072 1098 1065 1080 1052 1008 1022 981 1033 1079 1045 1063 1086 1068 1064 1092 1124 1087 1045 1078 1057 1024 1015 1017 1046 1070 1035 1075 1082 1018 976 1012 1051 1048 1116 1178 1165 1168 1159 1130 1183 1162 1127 1119 1142 1149 1144 1175 1130 1154 1142 1152 1078 1083 1082 1092 1036 1026 1101 1117 1138 1083 1143 1085 1098 1095 1124 1105 1113 1084 1111 1165 1141 1167 1113 1113 1135 1123 1124 1121 1121 1085 1067 1065 1073 1060 1056 1119 1056 1089 1083 1047 1049 1056 1041 1042 967 1006 1019 989 975 969 1018 1046 1052 1070 1065 1075 1034 1046 1057 1057 1112 1145 1079 1046 1045 1034 997 1009 1025 997 1017 1002 963 969 985 1000 997 968 988 969 982 987 1024 989 984 1004 988 980 1022 1014 1011 1018 1007 1050 1086 1045 1082 1046 1056 1022 1023 1018 1022 1072 1036 1054 1068 1068 1060 1091 1080 1050 1052 1026 1028 1051 1062 1033 1049 1089 1104 1084 1108 1067 1054 1060 1023 1033 1004 965 1004 1023 1020 1037 1041 987 1035 1072 1041 1039 997 1001 1011 998 985 991 993 978 979 962 958 997 1010 997 988 986 974 1018 1041 1020 1005 1038 1051 1039 1058 1051 1044 970 945 966 964 1038 1036 1026 1013 964 966 992 975 1009 1009 1029 1010 1011 1025 1029 1026 1023 1017 1030 1036 979 992 991 1004 1006 984 1016 958 986 979 988 976 988 965 960 969 953 956 969 992 986 1019 1028 1041 1048 1058 1061 1053 1027 1027 1016 1016 986 980 953 981 989 1037 1046 1043 1021 1042 1067 1072 1062 1056 1080 1053 1058 1077 1088 1064 1104 1082 1072 1104 1089 1090 1084 1088 1048 1040 1063 1130 1167 1138 1123 1137 1152 1153 1119 1166 1097 1072 1134 1093 1150 1143 1138 1113 1120 1106 1161 1105 1122 1111 1112 1108 1119 1116 1143 1109 1169 1149 1094 1081 1093 1117 1131 1104 1153 1135 1170 1151 1104 1066 1137 1106 1108 1092 1124 1138 1095 1090 1122 1139 1111 1124 1120 1134 1148 1180 1177 1177 1184 1199 1189 1179 1181 1216 1222 1219 1205 1172 1181 1180 1176 1181 1134 1144 1169 1194 1197 1215 1228 1200 1175 1154 1169 1197 1155 1185 1188 1186 1162 1170 1155 1146 1108 1146 1134 1158 1193 1210 1231 1241 1210 1216 1197 1198 1201 1189 1192 1145 1158 1154 1180 1130 1145 1119 1180 1177 1167 1200 1198 1211 1179 1154 1177 1152 1116 1156 1121 1129 1149 1139 1130 1107 1128 1141 1129 1139 1170 1180 1158 1183 1148 1163 1157 1148 1185 1184 1201 1160 1135 1157 1179 1206 1203 1223 1229 1254 1258 1234 1239 1242 1239 1277 1270 1224 1201 1227 1239 1262 1260 1266 1294 1303 1319 1325 1341 1326 1305 1285 1267 1252 1292 1264 1293 1259 1244 1262 1273 1285 1267 1254 1264 1275 1243 1254 1267 1271 1271 1247 1265 1277 1245 1267 1249 1257 1261 1276 1252 1269 1276 1251 1222 1246 1240 1257 1231 1262 1252 1237 1239 1228 1228 1243 1257 1257 1214 1216 1239 1231 1260 1236 1236 1253 1215 1265 1217 1247 1235 1258 1251 1255 1245 1260 1263 1269 1262 1265 1256 1234 1277 1249 1232 1229 1253 1252 1261 1255 1261 1241 1230 1246 1260 1279 1269 1265 1290 1260 1245 1276 1274 1260 1257 1250 1260 1229 1242 1250 1278 1286 1264 1291 1269 1302 1275 1306 1333 1302 1283 1320 1318 1365 1341 1331 1365 1397 1351 1376 1352 1373 1337 1315 1325 1402 1337 1348 1309 1374 1354 1302 1303 1328 1366 1345 1345 1350 1384 1376 1390 1373 1372 1439 1443 1442 1422 1386 1351 1383 1413 1424 1376 1388 1414 1431 1473 1413 1406 1434 1406 1404 1437 1432 1435 1392 1441 1414 1431 1465 1456 1501 1466 1461 1433 1437 1461 1482 1446 1455 1451 1467 1410 1397 1409 1422 1439 1415 1418 1423 1418 1423 1475 1498 1462 1510 1495 1512 1479 1501 1452 1427 1476 1426 1436 1474 1441 1430 1421 1401 1441 1428 1436 1488 1484 1412 1459 1480 1493 1495 1524 1497 1557 1505 1549 1506 1489 1471 1488 1484 1495 1543 1542 1516 1547 1573 1588 1542 1551 1564 1551 1553 1585 1576 1628 1591 1559 1588 1568 1568 1557 1584 1571 1572 1572 1613 1536 1522 1508 1526 1510 1526 1555 1592 1594 1581 1560 1606 1582 1561 1538 1533 1512 1528 1539 1540 1570 1600 1509 1532 1575 1556 1567 1559 1619 1626 1591 1598 1574 1510 1559 1597 1576 1554 1519 1560 1515 1542 1550 1496 1498 1469 1529 1546 1535 1542 1546 1518 1484 1476 1539 1497 1511 1456 1461 1432 1429 1408 1483 1474 1525 1515 1502 1475 1523 1492 1477 1460 1495 1504 1466 1464 1507 1507 1541 1529 1518 1527 1529 1478 1494 1466 1467 1465 1511 1528 1511 1466 1464 1494 1507 1592 1534 1533 1498 1507 1501 1523 1567 1533 1520 1532 1501 1505 1542 1549 1541 1596 1559 1599 1567 1536 1550 1573 1551 1520 1550 1585 1596 1598 1585 1646 1609 1612 1571 1599 1640 1559 1557 1588 1545 1555 1562 1560 1605 1637 1617 1590 1530 1592 1659 1638 1637 1551 1608 1567 1551 1579 1588 1633 1603 1585 1629 1608 1561 1585 1625 1607 1546 1559 1611 1597 1594 1611 1635 1551 1595 1591 1607 1539 1568 1594 1640 1583 1537 1598 1596 1598 1583 1570 1593 1564 1538 1546 1567 1595 1584 1600 1599 1576 1582 1551 1527 1493 1510 1519 1514 1576 1583 1578 1597 1614 1601 1523 1572 1572 1569 1638 1578 1591 1616 1569 1568 1549 1641 1631 1663 1595 1603 1582 1568 1561 1551 1560 1547 1516 1514 1580 1523 1556 1577 1589 1588 1522 1521 1580 1627 1574 1528 1607 1583 1565 1568 1592 1669 1658 1614 1563 1643 1608 1591 1676 1638 1625 1598 1570 1565 1555 1512 1537 1511 1489 1519 1521 1511 1518 1529 1499 1491 1471 1479 1456 1484 1454 1461 1498 1514 1466 1443 1428 1432 1451 1470 1477 1393 1408 1412 1356 1356 1354 1390 1407 1362 1351 1384 1374 1411 1342 1357 1353 1359 1375 1345 1370 1373 1353 1355 1379 1377 1386 1366 1324 1337 1338 1330 1355 1365 1340 1297 1359 1323 1343 1322 1317 1288 1266 1272 1339 1340 1366 1361 1356 1325 1326 1363 1357 1322 1292 1309 1274 1316 1314 1273 1260 1251 1278 1255 1204 1266 1222 1203 1208 1254 1308 1279 1281 1237 1231 1270 1214 1222 1236 1223 1252 1206 1270 1253 1280 1230 1235 1252 1264 1252 1274 1224 1248 1249 1200 1234 1196 1210 1230 1247 1251 1195 1150 1179 1199 1193 1166 1202 1185 1184 1169 1199 1207 1173 1166 1173 1129 1194 1208 1193 1157 1175 1165 1201 1237 1242 1213 1251 1236 1233 1202 1199 1204 1227 1234 1237 1232 1224 1195 1207 1209 1225 1221 1233 1250 1224 1221 1192 1206 1205 1215 1230 1232 1229 1270 1262 1262 1255 1232 1276 1286 1282 1275 1249 1263 1249 1246 1255 1241 1248 1286 1251 1308 1268 1272 1283 1284 1321 1335 1307 1306 1279 1291 1300 1306 1310 1300 1288 1280 1288 1302 1279 1276 1264 1276 1328 1299 1303 1304 1281 1251 1294 1322 1325 1300 1297 1340 1313 1319 1319 1320 1295 1313 1310 1283 1264 1267 1277 1283 1272 1249 1259 1246 1241 1222 1240 1249 1247 1271 1268 1270 1216 1278 1261 1285 1271 1282 1275 1303 1296 1272 1250 1248 1284 1319 1250 1264 1221 1241 1245 1241 1274 1285 1275 1254 1265 1258 1259 1276 1271 1294 1258 1259 1215 1266 1223 1296 1254 1245 1301 1332 1308 1317 1318 1295 1313 1323 1284 1273 1275 1305 1310 1317 1346 1297 1329 1344 1266 1269 1243 1233 1246 1231 1230 1222 1221 1225 1240 1221 1242 1193 1210 1204 1169 1211 1179 1181 1161 1174 1171 1204 1187 1188 1165 1148 1189 1189 1181 1184 1178 1200 1188 1192 1222 1205 1193 1204 1192 1228 1277 1255 1277 1278 1316 1301 1311 1281 1277 1261 1223 1268 1254 1310 1297 1321 1276 1254 1262 1286 1278 1276 1239 1273 1276 1227 1227 1280 1270 1277 1265 1243 1278 1317 1282 1308 1304 1309 1295 1322 1281 1323 1341 1372 1374 1335 1317 1297 1295 1268 1274 1272 1269 1254 1237 1230 1245 1235 1211 1242 1230 1250 1278 1260 1248 1216 1218 1202 1257 1245 1247 1245 1273 1258 1210 1247 1265 1255 1297 1260 1277 1254 1267 1220 1244 1276 1245 1213 1205 1217 1187 1170 1154 1156 1174 1170 1166 1199 1182 1174 1162 1119 1132 1122 1138 1156 1141 1101 1130 1083 1122 1176 1114 1106 1124 1120 1112 1103 1125 1137 1113 1108 1123 1107 1118 1097 1076 1088 1089 1093 1090 1080 1096 1127 1174 1128 1145 1131 1093 1117 1109 1090 1103 1103 1107 1109 1091 1093 1086 1099 1122 1099 1124 1122 1130 1070 1070 1050 1134 1123 1140 1042 1080 1084 1089 1045 1044 1043 1050 1077 1080 1094 1077 1108 1117 1099 1135 1120 1094 1083 1069 1085 1112 1157 1138 1115 1109 1081 1080 1113 1118 1100 1101 1117 1113 1120 1080 1133 1105 1132 1132 1150 1136 1082 1067 1097 1070 1081 1097 1121 1088 1075 1123 1055 1025 1028 1065 1071 1042 1034 1060 1078 1063 1060 1047 1084 1076 1073 1067 1063 1071 1052 1052 1038 1031 1012 1051 1039 1056 1027 1065 1079 1085 1106 1132 1114 1076 1031 1074 1076 1071 1059 1062 1045 1030 1059 1022 1017 1023 997 987 1003 993 1040 1049 1020 1017 1025 1020 1034 1042 1027 1015 1003 1035 1020 1016 1054 1085 1083 1072 1030 1044 1072 1142 1113 1135 1098 1088 1082 1091 1073 1059 1081 1091 1065 1041 1035 1030 1020 1009 1061 1014 996 999 990 1018 1011 1001 1042 1035 1098 1105 1104 1069 1093 1050 1018 1024 1078 1048 1060 1032 1074 1094 1092 1090 1093 1079 1090 1123 1048 1073 1114 1110 1067 1035 1052 1051 1031 1044 1016 1019 1001 990 1005 1013 998 1004 981 992 1019 1006 997 1030 1018 1038 1022 1004 1035 1012 987 1027 1011 954 968 970 989 999 1001 987 997 1028 1013 1008 1009 987 1021 1015 1003 950 983 963 958 939 939 943 923 925 929 928 938 976 956 963 971 955 946 958 943 975 922 922 943 957 980 976 939 928 944 965 930 956 968 973 1000 954 950 917 941 969 932 948 944 991 990 948 991 958 984 959 952 919 922 918 921 875 925 911 919 953 902 925 947 987 991 993 990 978 991 1025 1043 1000 1012 964 911 883 901 873 862 888 937 974 1000 980 987 956 960 983 968 970 968 965 973 970 987 961 981 963 961 984 978 1006 979 995 950 972 941 938 959 944 948 902 881 909 929 955 921 957 936 902 904 891 907 909 911 939 972 947 933 947 948 937 967 962 963 976 972 1002 983 969 945 995 979 1058 1062 1029 1032 1029 1038 1022 1042 1059 1070 1070 1094 1081 1037 1019 1005 1009 997 976 986 1005 1043 1054 1024 1058 1066 1027 1039 1034 1050 1039 994 1028 1026 1023 1030 1010 1032 1027 1057 1009 979 997 1018 1011 990 1003 995 1035 1056 1027 1031 1016 1008 1032 1064 1050 1057 1041 1054 1060 1075 1063 1092 1063 1008 1017 1017 1016 1046 1062 1080 1074 1067 1021 1040 1058 1016 1053 1072 1044 1057 1052 1055 1040 1039 1065 1104 1114 1080 1047 1056 1050 1068 1065 1046 1102 1075 1090 1035 1076 1049 1042 1069 1088 1071 1105 1099 1088 1090 1109 1137 1105 1122 1096 1119 1145 1091 1108 1161 1138 1176 1158 1110 1101 1107 1104 1087 1040 1106 1105 1086 1110 1117 1106 1121 1142 1162 1151 1163 1147 1076 1083 1091 1085 1155 1177 1140 1161 1177 1141 1158 1143 1165 1135 1170 1178 1135 1167 1153 1161 1214 1228 1209 1169 1147 1131 1117 1149 1160 1199 1179 1183 1165 1153 1149 1153 1136 1146 1117 1080 1109 1135 1070 1113 1103 1116 1175 1197 1170 1182 1172 1243 1205 1165 1237 1229 1221 1197 1298 1295 1266 1251 1238 1304 1259 1189 1175 1222 1234 1207 1216 1193 1205 1154 1108 1086 1091 1070 1068 1082 1067 1111 1151 1120 1141 1129 1164 1147 1116 1108 1095 1128 1081 1166 1232 1193 1202 1191 1151 1210 1194 1197 1123 1164 1145 1195 1185 1178 1193 1165 1189 1147 1115 1088 1121 1112 1106 1126 1130 1097 1095 1071 1076 1082 1060 1072 1120 1123 1076 997 1003 1023 1020 1048 1039 1066 1046 1050 1012 968 1034 1012 1054 1040 1026 995 966 1011 1025 1057 1054 1023 1034 1018 1031 1024 1024 1023 1088 1081 1080 1059 1066 1072 1052 1090 1045 1044 1060 1083 1040 1051 1044 1078 1052 1009 1034 1027 1021 1051 1064 1033 1028 1066 1028 1041 915 1006 985 1006 995 1038 1032 1060 1043 1049 1018 1027 1018 1014 957 904 921 947 924 987 940 990 979 972 960 973 951 901 946 959 962 923 945 907 925 942 929 950 987 966 953 958 959 963 929 967 924 950 894 938 936 916 941 969 969 957 895 862 833 847 866 881 903 899 891 892 877 871 888 851 857 809 814 833 829 810 829 857 840 827 805 756 800 814 785 767 781 803 788 818 803 814 783 785 807 808 776 762 770 819 827 814 791 799 790 758 739 777 797 790 823 775 754 768 802 776 764 739 756 733 730 701 753 747 738 722 753 749 741 764 729 712 719 711 736 695 728 732 724 735 748 762 751 746 726 724 733 689 710 741 740 732 712 647 728 704 740 725 679 747 733 744 736 723 722 755 748 754 762 784 762 718 703 718 735 752 740 732 727 744 737 720 692 685 687 674 699 669 685 694 669 704 721 740 724 749 749 707 722 737 738 753 757 768 754 800 818 795 823 826 832 851 818 840 838 864 829 825 806 795 801 778 782 766 780 757 727 743 779 714 764 752 760 759 726 754 768 742 730 735 740 796 784 817 796 740 756 711 691 717 714 691 695 713 720 698 686 708 663 671 689 703 710 668 683 675 659 653 643 661 653 680 613 662 678 639 639 573 613 609 609 600 645 677 681 638 646 634 645 691 721 736 704 698 690 704 713 676 638 648 633 660 640 672 660 713 637 632 646 658 671 672 667 653 694 667 645 676 663 673 632 656 682 712 671 686 673 702 726 718 706 719 718 724 705 698 672 666 681 718 690 716 698 681 726 660 677 648 654 676 643 655 683 693 682 713 707 721 700 687 711 689 705 748 719 720 754 760 782 760 737 745 742 766 735 751 748 722 773 746 730 755 732 725 703 730 736 712 712 721 767 787 805 816 815 830 843 837 801 815 807 816 879 888 875 896 873 852 852 830 799 807 785 771 743 767 769 758 756 733 764 724 754 747 729 732 751 740 715 725 751 736 737 735 720 762 741 768 774 789 773 811 808 798 791 780 754 770 753 755 753 714 705 732 726 718 702 686 692 710 701 694 704 702 728 732 767 761 782 775 755 801 834 832 811 848 825 833 795 763 806 777 778 787 751 743 763 728 776 792 764 735 748 764 803 742 749 737 760 780 797 825 792 802 817 823 820 868 880 901 824 803 759 758 764 752 756 761 738 783 798 781 780 773 751 758 777 779 832 815 819 822 851 855 882 872 857 840 848 867 862 852 865 892 850 856 839 804 808 847 828 837 851 860 903 905 898 883 902 852 880 854 846 859 879 901 882 873 873 835 850 837 824 821 847 830 849 856 843 867 853 867 871 876 890 865 874 861 855 839 846 827 822 836 847 871 907 852 840 860 837 799 839 821 818 798 767 791 789 806 824 787 792 781 789 787 774 774 761 754 749 747 727 731 771 764 753 741 757 758 777 759 809 745 763 799 783 792 778 756 778 785 773 752 775 808 762 763 795 779 745 737 765 745 746 710 759 769 805 838 815 776 785 863 855 871 841 850 878 833 819 771 792 872 829 826 820 828 797 792 796 773 807 805 837 872 856 829 894 876 888 917 902 916 963 940 946 937 926 963 926 942 965 961 947 974 968 960 941 921 908 921 936 923 931 935 940 906 904 910 854 906 947 922 901 914 884 897 883 908 905 909 910 921 930 941 983 945 915 977 988 1039 963 968 950 964 961 952 944 961 972 975 964 936 918 951 932 923 893 896 887 875 905 907 900 885 874 883 877 894 873 888 900 926 943 913 904 887 912 903 892 901 931 892 930 906 889 933 945 897 870 865 837 848 807 827 807 808 808 790 803 839 843 827 832 816 817 829 856 823 805 844 864 912 873 836 933 942 915 906 915 914 923 950 946 959 1007 989 918 929 952 993 989 954 994 1017 1003 975 994 977 1007 940 961 956 933 884 878 886 907 920 952 954 937 908 910 913 953 954 965 919 927 938 914 943 958 927 917 965 954 943 932 936 926 971 986 922 890 876 856 917 921 900 1008 975 978 981 934 971 996 1009 993 1001 979 996 995 1029 1028 1007 1056 1022 960 944 957 989 1032 974 951 986 978 948 958 945 979 961 948 989 977 1002 1011 973 1016 1066 1057 1002 1047 1035 1042 1043 1071 1022 1051 1073 1029 1013 1009 1001 1018 997 1016 981 1015 945 999 1029 1050 1002 982 1014 1057 1078 1051 1069 1071 1077 1096 1152 1129 1128 1124 1098 1062 1077 1045 1059 1067 1104 1101 1102 1062 1094 1113 1106 1140 1118 1142 1122 1086 1129 1101 1167 1092 1107 1119 1118 1028 1081 1054 1042 1049 1072 1064 1058 1030 1043 1049 1075 1091 1074 1031 1047 1053 1039 995 981 985 1007 988 1013 1004 1002 992 947 951 1006 967 959 960 952 967 952 1026 964 914 906 908 915 929 935 920 932 928 949 910 928 942 927 954 960 997 954 943 945 965 933 936 918 948 984 957 913 948 908 923 902 897 911 950 927 918 966 978 945 949 959 961 920 938 978 985 996 969 966 1008 978 973 960 958 985 1005 981 1030 1015 1017 1035 1032 1057 1019 1042 1035 1005 1016 1053 1058 1013 1043 993 1041 1021 996 1019 1008 1041 1057 1062 1101 1095 1119 1053 1054 1020 1011 1031 1025 1056 1052 1044 1009 992 987 1031 1026 1011 1008 1074 1044 1046 1088 1066 1035 1032 1068 991 1011 1033 973 1002 1016 927 1011 1015 1043 1021 1022 1049 1103 1107 1042 1046 1022 1050 1035 1008 987 1006 954 965 970 1005 999 970 966 910 963 940 963 1000 977 994 969 978 973 1031 1025 1007 1033 1009 982 1019 1046 1030 1006 943 981 930 1001 973 982 983 949 988 993 984 953 929 969 1020 1003 969 966 931 900 903 943 921 879 854 875 865 832 836 841 875 872 907 914 893 911 919 923 906 902 923 898 912 905 919 896 910 931 957 938 916 892 924 899 877 862 880 876 880 897 888 885 874 856 857 901 852 852 828 804 764 806 768 792 805 821 848 888 834 795 788 797 789 803 802 818 832 831 822 826 859 849 850 797 777 756 787 799 798 807 845 852 819 854 827 838 833 810 816 859 825 833 839 864 797 828 819 788 750 774 750 761 811 824 767 740 754 716 682 734 735 767 778 763 762 751 780 817 800 795 787 802 810 825 814 866 843 806 829 777 780 784 749 701 701 733 715 723 709 693 683 709 698 715 748 795 804 787 821 862 827 772 738 727 716 671 672 669 663 622 586 569 558 537 505 478 475 447 435 449 443 484 507 527 515 516 528 581 565 595 564 565 583 594 624 614 652 668 649 626 597 574 577 565 500 471 469 462 457 420 400 397 367 339 321 281 306 315 316 367 379 409 390 402 368 355 361 351 340 339 360 324 302 272 297 272 267 248 257 250 280 277 273 224 248 270 315 308 337 322 346 352 383 385 390 369 385 379 372 345 316 311 310 318 311 291 299 276 259 236 254 234 242 248 238 239 258 273 257 230 204 204 194 196 211 243 245 250 287 286 301 316 333 331 313 296 285 265 247 233 213 197 203 171 159 138 138 150 162 204 239 254 270 238 244 234 261 257 253 253 278 286 312 326 356 362 367 342 345 359 325 342 354 368 373 375 344 370 363 395 367 379 359 398 371 365 403 423 411 390 420 431 407 427 415 398 394 412 402 422 455 430 407 404 409 399 354 336 338 347 305 334 342 333 327 300 316 323 307 309 305 256 233 243 240 225 211 221 232 266 248 219 241 266 292 299 302 327 347 333 372 359 354 338 331 303 320 289 256 259 239 216 194 190 177 168 141 146 150 150 168 166 172 175 181 189 233 228 223 218 262 278 304 318 309 329 359 383 397 379 399 390 403 420 396 357 363 381 350 367 367 343 332 331 312 292 287 276 232 230 248 223 230 249 239 254 243 252 251 257 253 284 317 297 326 362 414 381 373 408 451 458 472 440 446 455 448 443 406 374 363 337 310 281 254 233 199 187 181 134 127 112 99 100 108 112 132 149 145 179 197 201 248 270 295 328 350 358 394 421 433 416 450 451 480 475 495 541 510 549 519 498 517 522 547 514 491 448 441 419 356 325 315 325 305 320 342 318 307 306 301 341 347 358 342 356 366 346 343 327 308 312 318 330 318 312 318 290 278 278 260 252 241 214 202 191 183 172 191 188 175 195 186 192 200 232 264 268 305 298 311 331 343 343 324 328 345 332 314 295 292 274 269 262 264 252 254 269 253 269 269 249 243 296 292 320 310 317 329 344 342 351 357 376 369 383 388 371 396 365 378 371 368 362 366 344 326 334 351 347 341 335 340 413 425 469 443 482 520 531 572 566 609 619 618 662 674 656 673 652 616 607 567 559 525 512 505 451 444 394 388 367 408 415 440 473 482 496 472 494 517 591 640 690 744 786 776 860 809 836 844 845 845 854 806 762 726 685 668 654 625 636 676 607 615 642 622 634 672 652 656 706 706 703 750 733 765 744 788 787 776 800 771 744 774 771 740 716 704 702 726 670 659 651 638 620 585 587 554 571 533 518 518 508 511 527 511 539 521 492 553 556 559 554 567 541 587 584 592 569 623 595 605 654 659 632 670 649 679 664 633 675 663 618 597 577 573 520 586 592 553 562 509 518 524 490 523 499 493 488 508 515 513 513 490 488 506 505 492 491 471 434 428 397 350 324 312 303 284 296 307 315 334 324 335 331 304 288 284 258 246 273 284 336 327 298 292 301 296 294 291 308 283 242 229 208 164 157 152 149 165 187 199 257 267 304 355 396 447 456 504 531 552 566 626 616 633 643 646 638 628 586 508 449 427 385 358 332 284 255 237 200 179 166 171 160 167 157 177 194 199 240 245 270 285 307 310 321 311 321 301 311 307 301 280 283 265 239 219 203 198 198 168 162 152 124 116 106 82 80 80 80 80 80 80 80 80 80 80 80 80 80 80 80 80 80 80 80 80 80 80 80 80 80 80 80 80 80 80 80 80 80 80 80 80 80 80 80 80 80 80 80 80 80 80 80 80 80 80 80 80 80 80 80 80 80 80 80 bytes
[Exif IFD0 - 0x011a] X Resolution = 72 dots per inch
[Exif IFD0 - 0x011b] Y Resolution = 72 dots per inch
[Exif IFD0 - 0x011c] Planar Configuration = Chunky (contiguous for each subsampling pixel)
[Exif IFD0 - 0x0128] Resolution Unit = Inch
[Exif IFD0 - 0x0140] Unknown tag (0x0140) = [768 values]
[Exif IFD0 - 0x830e] Pixel Scale = 2.438 2.438 0
[Exif IFD0 - 0x8482] Model Tie Point = 0 0 0 730232.51 4557035.327 0

[GeoTIFF - 0x0400] Model Type = Projected
[GeoTIFF - 0x0401] Raster Type = PixelIsArea
[GeoTIFF - 0x0c00] Projected Coordinate System Type = WGS84 UTM zone 17N
[GeoTIFF - 0x0c01] Projected Coordinate System Citation = UTM Zone 17 N with WGS84

[File Type - 0x0001] Detected File Type Name = TIFF
[File Type - 0x0002] Detected File Type Long Name = Tagged Image File Format
[File Type - 0x0003] Detected MIME Type = image/tiff
[File Type - 0x0004] Expected File Name Extension = tiff

[File - 0x0001] File Name = o41078a2.tif
[File - 0x0002] File Size = 6805118 bytes
[File - 0x0003] File Modified Date = <omitted for regression testing as checkout dependent>

- Exif IFD0
    - GeoTIFF
- File Type
- File

Generated using metadata-extractor
https://drewnoakes.com/code/exif/
