FILE: c41078a1.tif
TYPE: TIFF

[Exif IFD0 - 0x00fe] New Subfile Type = Full-resolution image
[Exif IFD0 - 0x0100] Image Width = 7202 pixels
[Exif IFD0 - 0x0101] Image Height = 5593 pixels
[Exif IFD0 - 0x0102] Bits Per Sample = 8 bits/component/pixel
[Exif IFD0 - 0x0103] Compression = PackBits
[Exif IFD0 - 0x0106] Photometric Interpretation = RGB Palette
[Exif IFD0 - 0x0111] Strip Offsets = [5593 values]
[Exif IFD0 - 0x0115] Samples Per Pixel = 1 samples/pixel
[Exif IFD0 - 0x0116] Rows Per Strip = 1 rows/strip
[Exif IFD0 - 0x0117] Strip Byte Counts = 114 114 114 114 114 114 114 114 114 114 114 114 114 114 114 114 114 114 114 114 114 114 114 114 114 114 114 114 114 114 114 114 114 114 114 114 114 114 114 114 114 114 114 114 114 116 116 116 116 116 116 124 124 124 120 120 120 116 116 116 128 128 128 128 128 136 134 134 146 153 160 164 158 156 152 156 152 156 164 164 164 196 197 198 178 182 182 190 194 197 184 180 182 188 190 188 192 192 192 178 186 184 168 184 188 184 180 189 190 196 196 200 200 200 182 174 174 176 178 176 200 198 230 239 250 236 229 222 218 219 215 217 212 217 220 212 216 223 235 235 232 242 241 221 192 194 210 219 242 234 246 265 282 264 266 272 270 273 278 327 320 305 319 316 319 315 329 334 338 344 360 310 311 314 369 384 341 284 302 356 361 334 380 429 400 375 431 413 396 369 411 357 318 345 351 347 334 335 430 388 396 307 344 351 347 356 351 350 318 343 276 291 292 397 372 361 372 380 387 466 493 532 592 608 610 612 671 650 627 616 567 557 562 542 485 473 498 487 478 444 418 389 451 454 466 457 485 539 533 535 568 552 558 553 563 553 576 522 503 448 434 393 377 388 344 367 352 327 341 347 331 346 417 444 485 596 578 557 610 697 690 711 776 803 721 700 820 809 788 774 763 823 893 868 873 883 905 959 971 909 1031 1076 1129 1259 1256 1244 1260 1250 1322 1336 1322 1433 1336 1243 1319 1356 1441 1435 1479 1438 1431 1466 1456 1430 1461 1466 1478 1494 1462 1495 1518 1627 1601 1714 1738 1755 1878 1886 1905 1993 1979 2014 2008 2065 2038 2091 2082 2144 2191 2253 2241 2197 2232 2226 2184 2215 2254 2262 2199 2248 2180 2223 2268 2314 2326 2321 2309 2357 2396 2352 2401 2423 2560 2622 2659 2687 2705 2765 2843 2759 2788 2817 2860 2974 2875 2900 2867 2847 2822 2884 2895 2847 2896 2860 2817 2883 2974 3043 3066 3142 3069 3117 3150 3172 3295 3456 3538 3579 3512 3588 3613 3719 3490 1959 4022 3766 3602 3622 3477 3412 3446 3360 3269 3375 3407 3444 3454 3404 3356 3401 3339 3383 3377 3453 3502 3546 3605 3583 3617 3661 3710 3610 3595 3680 3654 3613 3676 3612 3641 3670 3661 3678 3655 3719 3618 3602 3676 3632 3639 3631 3698 3751 3706 3810 3671 3646 3648 3625 3640 3612 3595 3589 3510 3586 3580 3543 3507 3607 3610 3554 3510 3504 3461 3454 3468 3456 3516 3449 3481 3448 3360 3437 3416 3566 3519 3492 3490 3496 3474 3519 3506 3466 3444 3514 3415 3432 3526 3468 3434 3417 3423 3434 3494 3543 3548 3475 3564 3597 3562 3593 3585 3603 3706 3715 3778 3737 3739 3587 3615 3657 3636 3641 3628 3746 3633 3657 3708 3649 3757 3732 3703 3707 3639 3660 3656 3621 3640 3582 3623 3552 3683 3619 3663 3678 3619 3593 3606 3706 3672 3676 3619 3542 3439 3437 3516 3506 3440 3417 3439 3381 3442 3440 3472 3462 3471 3520 3534 3533 3525 3684 3564 3557 3477 3518 3443 3524 3551 3547 3432 3490 3494 3552 3543 3568 3606 3598 3620 3609 3610 3614 3616 3532 3538 3582 3667 3635 3685 3582 3629 3592 3631 3564 3579 3576 3578 3566 3510 3467 3507 3453 3479 3540 3565 3634 3613 3626 3600 3551 3574 3613 3513 3553 3569 3601 3608 3583 3582 3493 3512 3669 3618 3640 3556 3627 3592 3572 3578 3571 3668 3648 3564 3583 3583 3597 3630 3565 3584 3551 3665 3596 3565 3536 3613 3484 3641 3565 3550 3534 3468 3541 3540 3539 3653 3686 3615 3651 3661 3657 3647 3661 3639 3484 3647 3587 3577 3604 3643 3686 3667 3706 3667 3703 3722 3750 3700 3685 3733 3724 3704 3724 3737 3722 3707 3748 3764 3723 3767 3762 3806 3768 3768 3739 3693 3735 3668 3678 3608 3577 3658 3558 3600 3646 3550 3563 3577 3609 3607 3551 3567 3573 3543 3631 3666 3632 3542 3509 3579 3499 3537 3570 3585 3551 3607 3606 3565 3715 3650 3696 3740 3791 3709 3678 3763 3683 3730 3699 3704 3786 3636 3690 3702 3734 3741 3653 3672 3633 3711 3669 3561 3548 3594 3568 3483 3589 3673 3733 3724 3674 3671 3619 3641 3607 3675 3613 3679 3631 3695 3663 3595 3512 3567 3588 3598 3620 3575 3685 3652 3676 3800 3719 3764 3734 3718 3810 3839 4051 2885 2997 3976 3794 3754 3809 3815 3856 3829 3888 3869 3859 3951 3877 3933 4015 3869 3824 3823 3723 3730 3785 3724 3657 3659 3608 3647 3699 3571 3591 3720 3629 3606 3589 3695 3732 3756 3697 3714 3775 3733 3731 3694 3629 3659 3661 3603 3690 3701 3593 3656 3686 3646 3637 3661 3638 3568 3615 3604 3563 3569 3613 3598 3622 3540 3617 3574 3459 3445 3496 3565 3490 3495 3492 3509 3458 3455 3421 3521 3375 3395 3384 3452 3366 3421 3515 3498 3536 3555 3565 3424 3489 3467 3484 3542 3601 3504 3458 3458 3513 3513 3522 3562 3609 3637 3659 3735 3597 3570 3595 3554 3632 3709 3717 3630 3689 3655 3692 3659 3584 3651 3614 3544 3559 3596 3537 3625 3593 3493 3601 3622 3559 3535 3508 3550 3604 3620 3564 3588 3493 3512 3494 3554 3502 3496 3530 3541 3639 3571 3525 3581 3568 3523 3550 3545 3636 3568 3593 3644 3557 3569 3590 3660 3628 3610 3670 3582 3699 3588 3462 3522 3566 3521 3546 3612 3639 3660 3677 3552 3590 3687 3663 3554 3604 3719 3623 3588 3614 3624 3683 3531 3597 3659 3706 3685 3680 3725 3611 3666 3762 3797 3721 3663 3667 3640 3639 3615 3609 3723 3753 3781 3778 3816 3769 3727 3736 3665 3627 3563 3595 3551 3607 3576 3585 3588 3595 3577 3484 3483 3497 3527 3527 3533 3501 3515 3503 3508 3540 3601 3587 3564 3497 3486 3433 3445 3424 3447 3437 3428 3478 3430 3505 3492 3546 3542 3477 3506 3452 3425 3411 3404 3371 3441 3482 3459 3421 3474 3506 3449 3440 3377 3569 3458 3522 3552 3588 3585 3584 3538 3621 3666 3691 3560 3582 3529 3519 3497 3488 3416 3425 3408 3431 3352 3391 3353 3354 3227 3205 3316 3220 3241 3426 3305 3334 3302 3284 3301 3381 3332 3377 3390 3385 3381 3443 3452 3399 3363 3368 3343 3403 3444 3443 3466 3463 3532 3493 3532 3469 3439 3536 3555 3506 3465 3431 3489 3469 3427 3487 3501 3416 3507 3452 3557 3626 3664 3540 3495 3569 3518 3551 3575 3609 3589 3541 3516 3578 3559 3583 3557 3561 3545 3665 3668 3614 3621 3515 3418 3455 3447 3446 3396 3403 3392 3390 3366 3356 3316 3340 3357 3308 3310 3397 3333 3420 3457 3482 3493 3537 3555 3580 3636 3647 3689 3885 2529 2977 3862 3503 3411 3444 3380 3280 3470 3292 3313 3352 3359 3400 3354 3389 3374 3417 3441 3403 3499 3466 3477 3475 3359 3338 3306 3443 3440 3496 3474 3420 3491 3433 3464 3496 3445 3509 3478 3481 3469 3403 3471 3437 3297 3314 3376 3398 3383 3365 3429 3502 3534 3517 3493 3389 3394 3323 3357 3397 3365 3363 3347 3341 3388 3344 3455 3374 3384 3458 3493 3513 3480 3410 3477 3376 3416 3432 3486 3406 3378 3371 3356 3342 3365 3345 3414 3318 3364 3366 3404 3377 3397 3362 3436 3375 3436 3360 3341 3446 3478 3420 3451 3533 3604 3617 3543 3561 3581 3498 3503 3581 3586 3553 3567 3565 3601 3597 3636 3713 3627 3587 3532 3537 3616 3612 3493 3495 3541 3495 3504 3493 3438 3436 3362 3380 3284 3262 3282 3332 3383 3369 3417 3368 3328 3330 3300 3401 3374 3331 3421 3417 3356 3321 3320 3317 3282 3311 3275 3474 3453 3425 3317 3323 3267 3285 3287 3364 3304 3428 3326 3319 3401 3390 3309 3262 3306 3325 3295 3158 3176 3130 3246 3178 3170 3255 3331 3334 3278 3308 3316 3243 3228 3220 3160 3192 3148 3162 3206 3212 3191 3248 3210 3263 3242 3264 3273 3292 3344 3363 3356 3428 3376 3278 3273 3313 3311 3309 3272 3353 3252 3242 3381 3382 3341 3402 3360 3322 3396 3296 3318 3314 3261 3191 3191 3202 3185 3278 3340 3248 3244 3127 3189 3221 3336 3359 3205 3195 3224 3249 3244 3297 3268 3178 3309 3276 3279 3342 3257 3189 3190 3171 3187 3177 3221 3238 3172 3203 3181 3166 3189 3247 3150 3182 3051 3126 3079 3143 3030 3089 2961 3140 3115 3151 3117 3094 3184 3213 3203 3240 3241 3140 3152 3114 3136 3160 3177 3262 3194 3231 3223 3169 3155 3239 3202 3162 3281 3314 3264 3271 3329 3264 3380 3308 3334 3302 3272 3294 3193 3125 3106 3090 3065 3088 3072 3045 3029 2954 3166 3060 3015 3087 3101 3030 3064 3117 3118 3221 3239 3266 3311 3277 3225 3333 3257 3265 3300 3273 3276 3214 3146 3154 3143 3134 3222 3222 3167 3192 3186 3174 3214 3153 3263 3187 3161 3218 3202 3293 3310 3251 3346 3285 3239 3243 3222 3212 3359 3384 3384 3425 3391 3380 3374 3327 3439 3425 3406 3345 3325 3280 3336 3399 3524 3893 1819 3665 3636 3335 3363 3326 3327 3357 3336 3256 3301 3229 3196 3223 3206 3248 3260 3201 3109 3191 3193 3180 3090 3110 3095 3081 3139 3120 3149 3093 3156 3057 3115 3057 3096 3129 3197 3125 3206 3146 3164 3232 3252 3217 3187 3167 3186 3207 3091 3217 3175 3135 3188 3191 3123 3112 3117 3176 3156 3239 3189 3142 3196 3169 3196 3174 3314 3249 3240 3260 3256 3243 3240 3255 3303 3262 3319 3285 3265 3198 3194 3181 3135 3121 3126 3133 3249 3305 3280 3240 3327 3236 3220 3290 3327 3336 3334 3213 3241 3201 3197 3168 3091 3093 3100 3151 3169 3176 3115 3168 3252 3166 3246 3263 3309 3314 3168 3193 3069 3147 3159 3307 3238 3264 3277 3250 3282 3293 3287 3232 3276 3287 3199 3271 3247 3247 3214 3043 3036 3001 3002 3047 3044 3099 3057 3134 3175 3199 3140 3164 3250 3149 3212 3214 3322 3249 3215 3159 3156 3228 3112 3175 3185 3187 3192 3170 3162 3158 3210 3196 3262 3327 3325 3340 3341 3313 3283 3299 3300 3386 3338 3233 3283 3349 3355 3274 3333 3354 3333 3331 3393 3349 3459 3423 3351 3369 3353 3451 3391 3373 3364 3354 3318 3396 3292 3373 3369 3330 3316 3294 3276 3400 3287 3326 3336 3345 3317 3376 3244 3261 3350 3347 3293 3368 3405 3389 3395 3410 3360 3388 3289 3316 3293 3279 3393 3388 3339 3338 3411 3373 3344 3321 3317 3346 3358 3409 3392 3395 3327 3330 3346 3279 3246 3293 3286 3278 3301 3275 3285 3343 3292 3269 3369 3263 3316 3335 3370 3374 3362 3351 3378 3333 3256 3274 3245 3267 3228 3296 3397 3389 3360 3332 3423 3337 3328 3336 3453 3296 3427 3331 3283 3293 3253 3343 3365 3355 3276 3345 3257 3305 3239 3272 3274 3310 3228 3110 3185 3141 3310 3336 3334 3361 3360 3371 3342 3362 3447 3441 3347 3390 3329 3350 3414 3438 3338 3396 3479 3361 3328 3364 3383 3371 3377 3347 3448 3283 3409 3447 3420 3383 3319 3352 3301 3376 3317 3290 3313 3309 3311 3320 3402 3312 3352 3405 3419 3486 3567 3475 3462 3406 3472 3425 3441 3399 3347 3391 3313 3352 3347 3351 3369 3441 3348 3417 3354 3378 3336 3305 3317 3309 3393 3372 3383 3367 3434 3406 3368 3412 3476 3543 3563 3696 3932 1980 3370 3635 3408 3397 3402 3446 3459 3312 3309 3358 3400 3434 3446 3474 3458 3459 3479 3452 3505 3529 3513 3472 3436 3514 3329 3336 3383 3390 3367 3402 3402 3358 3398 3354 3418 3386 3459 3351 3306 3271 3338 3330 3363 3230 3259 3240 3375 3491 3398 3485 3511 3556 3613 3626 3552 3404 3448 3554 3547 3485 3446 3507 3379 3274 3304 3320 3315 3369 3369 3335 3399 3291 3262 3311 3310 3286 3304 3348 3429 3479 3423 3441 3567 3677 3562 3625 3584 3585 3551 3645 3558 3628 3642 3650 3675 3582 3573 3594 3631 3520 3484 3449 3492 3372 3416 3425 3454 3447 3424 3378 3397 3383 3456 3389 3491 3502 3543 3487 3492 3474 3541 3430 3367 3398 3355 3325 3395 3380 3415 3299 3264 3319 3418 3311 3376 3277 3262 3236 3207 3155 3172 3115 3196 3230 3266 3225 3370 3201 3263 3323 3320 3360 3326 3331 3355 3314 3295 3323 3359 3297 3302 3307 3234 3242 3265 3213 3288 3368 3333 3406 3353 3378 3383 3375 3348 3520 3431 3449 3310 3347 3302 3208 3305 3259 3246 3153 3154 3112 3242 3329 3269 3305 3331 3313 3334 3346 3366 3251 3371 3295 3295 3310 3272 3301 3303 3344 3387 3364 3318 3241 3333 3363 3378 3401 3297 3343 3363 3281 3319 3365 3380 3362 3339 3343 3304 3391 3366 3398 3411 3393 3382 3261 3299 3234 3232 3231 3266 3231 3227 3234 3172 3118 3182 3116 3224 3165 3230 3049 3191 3166 3192 3166 3200 3246 3213 3190 3158 3149 3091 3149 3121 3174 3171 3205 3193 3196 3213 3177 3195 3316 3373 3282 3302 3362 3314 3280 3290 3224 3234 3303 3324 3295 3297 3362 3188 3143 3180 3151 3229 3195 3166 3231 3185 3231 3275 3244 3176 3180 3234 3257 3281 3325 3309 3236 3282 3274 3252 3305 3268 3294 3277 3241 3333 3296 3323 3295 3342 3369 3302 3438 3419 3338 3267 3275 3309 3322 3339 3248 3381 3388 3285 3289 3340 3278 3211 3278 3224 3200 3180 3236 3223 3239 3310 3162 3216 3136 3157 3202 3283 3326 3350 3347 3322 3366 3339 3321 3364 3361 3312 3258 3349 3280 3224 3217 3224 3283 3265 3258 3249 3220 3204 3218 3180 3142 3133 3155 3254 3239 3258 3308 3318 3344 3282 3234 3279 3244 3249 3227 3289 3185 3385 3866 912 1517 3820 3391 3298 3301 3290 3339 3257 3332 3215 3191 3172 3072 3144 3118 3107 3190 3133 3195 3173 3110 3165 3010 3062 3066 3159 3137 3154 3156 3154 3226 3317 3197 3195 3241 3219 3309 3267 3284 3286 3203 3145 3173 3244 3306 3278 3203 3263 3215 3274 3360 3295 3297 3382 3354 3315 3271 3251 3285 3352 3340 3378 3369 3388 3425 3397 3455 3474 3449 3453 3338 3350 3361 3450 3433 3402 3396 3356 3278 3270 3195 3189 3188 3164 3252 3264 3244 3266 3373 3355 3372 3333 3390 3441 3519 3550 3473 3468 3427 3399 3350 3297 3310 3251 3300 3300 3254 3242 3216 3246 3175 3080 3177 3097 3180 3166 3136 3121 3247 3258 3278 3213 3174 3136 3139 3151 3268 3271 3321 3291 3275 3286 3258 3322 3209 3251 3391 3368 3366 3341 3270 3289 3373 3300 3300 3364 3366 3392 3463 3432 3441 3365 3346 3318 3178 3195 3201 3124 3145 3168 3214 3252 3293 3360 3270 3240 3212 3231 3325 3292 3252 3234 3106 3196 3148 3215 3169 3153 3170 3217 3260 3156 3167 3067 3096 3132 3113 3096 3067 3139 3175 3096 3142 3142 3188 3181 3116 3121 3310 3242 3253 3301 3406 3338 3423 3306 3325 3286 3336 3361 3357 3337 3314 3322 3254 3218 3296 3250 3323 3286 3198 3264 3220 3123 3176 3110 3144 3213 3225 3152 3207 3240 3211 3186 3274 3289 3344 3257 3322 3287 3377 3413 3368 3305 3294 3258 3363 3306 3394 3394 3315 3284 3273 3356 3313 3324 3377 3326 3258 3264 3226 3206 3201 3199 3184 3231 3290 3343 3404 3357 3402 3413 3397 3340 3395 3385 3372 3391 3315 3349 3201 3209 3158 3219 3245 3225 3081 3163 3184 3145 3221 3185 3338 3281 3303 3333 3253 3308 3403 3378 3367 3256 3293 3251 3285 3212 3190 3292 3270 3299 3366 3295 3369 3322 3344 3252 3263 3278 3332 3366 3342 3233 3224 3161 3262 3148 3118 3212 3290 3254 3291 3283 3255 3260 3274 3254 3274 3242 3281 3298 3282 3248 3275 3283 3259 3294 3260 3302 3358 3413 3367 3395 3430 3399 3352 3356 3358 3294 3307 3321 3196 3253 3196 3247 3226 3232 3197 3217 3189 3230 3305 3297 3337 3277 3313 3298 3288 3333 3317 3329 3287 3224 3290 3326 3359 3340 3261 3199 3196 3268 3265 3317 3702 2688 3366 3545 3365 3481 3340 3396 3362 3335 3209 3268 3327 3335 3304 3303 3304 3288 3199 3131 3176 3276 3369 3392 3334 3370 3373 3423 3487 3472 3482 3405 3388 3454 3420 3500 3557 3576 3561 3559 3609 3480 3562 3563 3574 3645 3572 3633 3585 3561 3637 3587 3561 3606 3554 3529 3511 3468 3466 3414 3478 3391 3382 3319 3292 3352 3285 3296 3367 3422 3473 3451 3440 3481 3524 3557 3496 3520 3459 3415 3377 3450 3449 3441 3379 3385 3421 3524 3443 3426 3274 3307 3168 3132 3160 3192 3340 3307 3317 3355 3304 3351 3370 3443 3420 3432 3409 3390 3356 3337 3343 3336 3283 3276 3252 3319 3254 3283 3188 3182 3204 3208 3243 3351 3293 3340 3295 3373 3335 3342 3279 3339 3339 3398 3338 3309 3305 3362 3371 3338 3299 3361 3376 3361 3339 3292 3253 3252 3262 3274 3287 3391 3368 3381 3374 3374 3441 3458 3455 3454 3268 3245 3266 3258 3288 3290 3302 3277 3233 3329 3331 3324 3374 3289 3398 3386 3411 3415 3441 3415 3367 3374 3350 3350 3310 3352 3370 3418 3355 3378 3394 3329 3372 3332 3378 3381 3359 3385 3305 3302 3321 3284 3346 3313 3170 3220 3269 3316 3332 3317 3339 3272 3351 3285 3307 3221 3260 3296 3325 3337 3322 3370 3344 3471 3370 3365 3435 3447 3363 3340 3283 3336 3385 3321 3405 3404 3326 3372 3304 3287 3349 3415 3403 3405 3478 3475 3421 3353 3395 3389 3353 3314 3359 3304 3358 3383 3293 3247 3216 3220 3358 3266 3258 3368 3367 3354 3354 3324 3304 3255 3300 3353 3247 3298 3373 3374 3346 3313 3319 3380 3395 3299 3444 3389 3378 3375 3291 3309 3356 3337 3298 3345 3404 3386 3390 3368 3323 3266 3377 3244 3369 3319 3273 3241 3156 3213 3251 3167 3091 3127 3086 3110 3172 3171 3173 3141 3283 3290 3201 3295 3298 3381 3313 3335 3318 3295 3293 3250 3193 3227 3220 3283 3278 3318 3288 3248 3180 3195 3207 3262 3239 3157 3200 3222 3251 3203 3282 3304 3284 3355 3432 3376 3388 3304 3283 3248 3255 3321 3362 3463 3471 3435 3356 3441 3461 3433 3420 3328 3344 3359 3376 3415 3298 3333 3502 3527 3491 3482 3477 3445 3416 3500 3513 3542 3383 3256 3333 3258 3336 3318 3308 3316 3298 3559 3529 2252 3449 3372 3393 3463 3426 3436 3412 3373 3402 3374 3345 3375 3326 3339 3318 3199 3289 3309 3218 3368 3291 3346 3331 3291 3356 3340 3401 3360 3334 3438 3411 3424 3456 3479 3474 3434 3468 3477 3467 3472 3464 3496 3593 3572 3519 3517 3551 3535 3547 3553 3471 3440 3390 3492 3581 3515 3452 3424 3447 3504 3481 3439 3441 3409 3560 3416 3376 3399 3453 3419 3370 3423 3365 3380 3424 3540 3544 3496 3488 3471 3442 3459 3480 3503 3481 3475 3471 3522 3551 3619 3599 3588 3526 3605 3593 3582 3712 3608 3595 3463 3524 3527 3631 3653 3707 3600 3634 3683 3611 3604 3636 3716 3721 3571 3598 3589 3573 3585 3429 3347 3377 3387 3423 3443 3434 3417 3440 3446 3411 3462 3471 3516 3512 3557 3620 3626 3646 3691 3627 3577 3646 3614 3669 3625 3556 3474 3418 3308 3437 3494 3465 3439 3457 3430 3407 3364 3455 3404 3379 3378 3478 3624 3574 3599 3622 3547 3580 3543 3568 3646 3633 3658 3611 3613 3648 3700 3552 3660 3563 3576 3507 3578 3466 3499 3502 3516 3542 3617 3627 3626 3442 3533 3503 3447 3537 3443 3503 3593 3556 3574 3528 3515 3597 3574 3638 3645 3666 3649 3595 3594 3566 3475 3508 3562 3566 3514 3526 3463 3457 3443 3448 3444 3439 3418 3418 3379 3395 3352 3352 3381 3381 3351 3353 3327 3354 3404 3405 3321 3345 3375 3381 3467 3365 3371 3404 3347 3502 3437 3517 3533 3492 3449 3446 3441 3457 3473 3432 3498 3500 3486 3454 3436 3411 3413 3373 3445 3376 3391 3347 3250 3289 3334 3307 3335 3307 3264 3252 3306 3345 3242 3313 3207 3275 3367 3342 3276 3290 3198 3102 3068 3056 3020 3037 3061 2961 3019 2950 3067 3032 3019 3084 3180 3232 3251 3208 3226 3178 3187 3136 3186 3145 3069 3023 2979 2979 3010 3049 3155 3182 3152 3071 3193 3240 3228 3234 3271 3283 3186 3105 3162 3211 3111 3145 3211 3257 3212 3246 3200 3204 3239 3217 3150 3157 3125 3098 2966 2985 3032 2935 2932 2913 2832 2855 2930 2915 2896 2976 3045 3057 3089 3035 3032 3024 3041 3054 2981 2992 2951 2905 2921 2899 2931 2928 2907 2941 2933 2915 2879 2890 2986 2957 2988 3046 2954 2912 2941 2992 3003 3026 3182 3236 3321 2447 3481 3158 3081 3111 3101 3197 3213 3194 3274 3273 3254 3243 3277 3247 3298 3237 3256 3328 3278 3247 3245 3317 3168 3140 3076 3114 3147 3042 3059 3132 3148 3175 3148 3173 3061 3189 3125 3113 3234 3186 3201 3256 3237 3197 3229 3186 3226 3206 3225 3201 3138 3150 3075 3019 3117 3000 3032 3006 3045 3058 3112 3131 3120 3119 3183 3201 3257 3286 3278 3294 3354 3325 3300 3324 3292 3281 3230 3329 3258 3289 3256 3292 3212 3241 3142 3207 3224 3242 3261 3359 3358 3448 3490 3481 3482 3455 3439 3487 3464 3448 3498 3489 3439 3374 3375 3341 3392 3336 3353 3363 3438 3326 3372 3399 3386 3376 3355 3373 3377 3420 3390 3486 3438 3511 3546 3576 3483 3484 3418 3360 3345 3371 3422 3377 3333 3404 3369 3319 3304 3333 3401 3431 3391 3437 3307 3349 3359 3421 3428 3409 3495 3387 3418 3446 3500 3461 3495 3447 3441 3504 3542 3521 3526 3486 3484 3484 3458 3438 3494 3491 3463 3467 3428 3394 3436 3345 3402 3415 3365 3322 3421 3391 3372 3390 3303 3360 3365 3373 3399 3383 3327 3274 3285 3243 3194 3145 3241 3209 3042 3248 3227 3239 3276 3168 3183 3241 3293 3384 3346 3282 3286 3172 3237 3210 3217 3246 3250 3232 3219 3181 3241 3215 3225 3314 3312 3330 3274 3333 3317 3247 3212 3315 3277 3300 3316 3302 3367 3391 3418 3409 3440 3396 3372 3380 3327 3322 3280 3323 3398 3419 3393 3381 3389 3349 3391 3402 3349 3417 3358 3338 3285 3479 3393 3310 3329 3290 3207 3349 3388 3403 3394 3481 3376 3405 3418 3452 3429 3363 3252 3128 3238 3247 3224 3242 3187 3203 3268 3255 3271 3247 3255 3300 3282 3263 3255 3251 3419 3318 3273 3379 3259 3176 3223 3131 3110 3097 3090 3073 3160 3181 3188 3204 3218 3282 3252 3231 3257 3344 3342 3272 3280 3326 3354 3396 3427 3435 3411 3412 3433 3295 3347 3372 3419 3417 3417 3438 3425 3429 3398 3395 3440 3491 3467 3491 3430 3413 3520 3435 3460 3374 3364 3375 3318 3373 3455 3525 3575 3542 3518 3524 3527 3389 3442 3456 3514 3535 3448 3530 3557 3548 3559 3633 3524 3518 3405 3430 3395 3477 3477 3486 3515 3492 3479 3416 3407 3467 3468 3477 3413 3439 3478 3620 3616 2665 3620 3524 3458 3457 3433 3360 3472 3510 3662 3704 3680 3626 3668 3653 3704 3675 3580 3531 3454 3394 3448 3452 3422 3463 3466 3466 3423 3538 3511 3489 3497 3518 3622 3513 3556 3475 3503 3461 3501 3477 3503 3493 3486 3527 3543 3554 3574 3546 3604 3559 3549 3561 3597 3634 3555 3667 3685 3594 3677 3659 3745 3694 3664 3622 3517 3549 3503 3510 3485 3374 3548 3531 3559 3497 3556 3515 3670 3531 3572 3505 3563 3578 3595 3610 3588 3605 3509 3546 3624 3666 3596 3613 3596 3579 3498 3541 3567 3611 3593 3537 3488 3590 3515 3553 3595 3705 3604 3611 3610 3644 3726 3681 3607 3511 3519 3527 3658 3590 3550 3593 3595 3679 3598 3699 3534 3547 3533 3584 3651 3690 3647 3634 3612 3606 3694 3677 3806 3804 3858 3888 3923 3876 3825 3839 3902 3834 3640 3677 3689 3673 3535 3568 3623 3594 3564 3577 3631 3555 3624 3609 3611 3584 3615 3520 3596 3530 3544 3585 3600 3594 3554 3550 3505 3539 3487 3584 3722 3690 3694 3748 3816 3791 3783 3766 3765 3788 3806 3760 3776 3751 3755 3687 3713 3653 3759 3700 3687 3681 3539 3544 3545 3610 3597 3665 3654 3636 3613 3601 3598 3626 3652 3664 3527 3516 3457 3460 3466 3430 3489 3489 3467 3407 3503 3635 3635 3715 3640 3689 3759 3781 3811 3892 3791 3707 3735 3735 3783 3765 3815 3863 3851 3874 3885 3854 3807 3846 3771 3725 3727 3727 3763 3782 3788 3740 3727 3759 3775 3751 3711 3734 3749 3796 3769 3784 3855 3846 3916 3916 3921 3834 3864 3865 3870 3902 4008 4003 3943 3948 3957 3967 3984 3888 3903 3965 3934 3880 3803 3785 3803 3723 3739 3776 3679 3688 3701 3692 3706 3730 3775 3738 3728 3777 3776 3762 3778 3671 3645 3698 3805 3758 3798 3731 3723 3747 3742 3656 3749 3719 3745 3781 3864 3850 3987 3914 3927 3988 3980 4111 4029 4049 3984 4034 4009 3983 3979 3967 4030 4057 4019 4022 3964 3916 3907 4009 3979 3946 3891 3982 3947 4011 3942 3932 3811 3736 3756 3822 3788 3761 3818 3854 3810 3730 3826 3809 3811 3828 3762 3750 3735 3715 3847 3788 3818 3875 3758 3774 3763 3742 3771 3696 3721 3786 3949 3949 3955 4008 3938 3902 3910 3914 4077 4068 2849 3872 4169 4188 4071 4115 4086 4046 4022 3958 3999 3926 3939 3878 3798 3849 3789 3816 3871 3833 3875 3800 3908 3899 3889 3913 3916 4020 3923 3948 3964 3972 3855 3915 3916 3855 3865 3837 3826 3919 3946 3909 3905 3977 3987 3982 3914 3996 3925 3970 3980 4000 4057 3988 3970 4027 4009 4030 4018 4062 4010 4034 3926 3907 3904 3916 3891 3968 3933 3874 3843 3877 3976 3999 3997 3977 3996 3905 3913 3991 3912 3905 3960 3955 4058 3989 3995 3973 3896 3929 3912 3977 4064 3937 3928 3975 4003 3952 3960 3963 3884 3937 3928 3894 3816 3838 3887 3855 3864 3894 3894 3923 3982 3852 3924 3912 3877 3922 3941 3828 3796 3811 3849 3910 3995 3839 3906 3813 3965 3902 3899 3804 3774 3816 3798 3877 3894 3975 3961 3940 3917 3937 3966 3942 3971 3986 4010 4005 3971 4016 3951 3982 3963 3950 3925 3993 4008 4082 3978 3963 3991 4003 3922 3960 3957 3886 3971 3914 3836 3992 3931 3936 3953 3969 3967 3939 3902 3941 4009 3947 3978 3886 3980 3845 3907 3856 3956 4007 4044 3936 4045 4030 4058 4132 3966 3939 4007 3971 3955 4044 4042 3941 4011 3922 3966 3994 4102 4058 4072 4107 4101 3988 4039 3943 3962 4078 4058 4017 4058 4005 3949 4081 4050 4020 4065 4121 4075 4208 4156 4046 4115 4054 4127 3998 4098 4151 4161 4082 4090 4017 3954 4027 4083 4040 3945 4079 4057 3970 4039 4054 3980 3923 3931 3948 3829 3905 3883 3920 3910 3885 3853 3940 3990 3967 3931 3949 4063 4064 4021 4098 4059 4076 4032 4095 4185 4136 4109 4071 4075 4084 4011 4036 3965 3929 3927 3890 3793 3803 3755 3721 3747 3711 3716 3728 3614 3709 3663 3736 3640 3620 3751 3774 3802 3684 3699 3625 3536 3588 3514 3547 3458 3496 3508 3479 3416 3473 3421 3362 3284 3343 3331 3358 3441 3341 3366 3359 3276 3201 3275 3214 3245 3210 3058 3051 3000 2991 2963 2967 2981 2927 2889 2804 2744 2752 2720 2706 2663 2699 2671 2719 2755 2796 2811 2717 2752 2749 2712 2713 2730 2628 2634 2647 2716 2661 2606 2558 2512 2445 2388 2425 2355 2424 2411 2332 2189 2167 2196 2246 2185 2176 2056 2070 2085 2082 2049 1982 2006 2001 1892 1857 1845 1797 1725 1813 1292 1785 1865 1751 1832 1880 1812 1790 1805 1826 1730 1604 1643 1660 1503 1496 1366 1310 1224 1142 1082 1105 1012 954 872 812 720 726 631 596 573 573 593 537 590 586 565 555 526 576 482 482 433 396 339 357 333 329 314 296 252 309 308 349 364 425 499 571 530 584 590 662 638 664 691 689 705 641 626 663 720 718 700 671 624 602 593 553 496 450 420 454 434 432 493 464 491 452 541 527 534 572 554 562 527 516 513 577 554 556 440 380 360 340 344 381 359 313 329 274 338 300 317 346 321 299 355 344 466 525 555 607 580 576 646 715 770 783 781 788 702 715 690 675 661 662 675 660 604 480 452 429 396 406 408 362 368 363 367 357 336 286 282 283 267 272 279 333 333 325 261 274 318 367 371 376 431 446 459 507 548 596 604 588 609 615 605 605 671 682 755 857 772 860 869 897 865 927 925 932 893 938 909 941 984 995 957 977 975 830 868 790 846 843 862 836 808 885 927 955 1007 998 975 989 1009 980 991 951 956 955 951 944 936 900 856 786 786 819 825 838 943 1000 992 1021 1087 1104 1131 1124 1189 1257 1203 1092 1011 1015 978 1019 998 968 976 927 1043 1049 1040 989 962 990 1023 1048 1008 910 871 848 863 817 762 797 843 851 826 844 837 918 896 878 866 825 835 834 834 797 757 729 711 694 682 709 771 727 745 758 790 857 839 893 975 1007 1087 1182 1150 1220 1146 1179 1134 1010 1012 1050 1018 972 977 925 911 889 943 960 890 882 921 910 907 857 890 871 897 886 860 856 875 951 911 916 949 995 1069 1117 1061 1047 1015 1071 1095 1063 984 945 904 841 839 830 811 809 780 722 670 675 657 614 608 659 697 714 714 644 687 757 752 750 744 788 795 874 892 909 914 886 847 819 821 824 901 958 959 998 972 949 983 989 1005 928 892 829 843 831 918 908 907 936 956 954 1008 1097 1116 1091 972 947 860 816 786 753 721 700 613 515 508 516 588 599 565 577 578 637 634 642 684 640 626 703 689 706 734 774 823 836 860 904 958 1051 985 946 917 915 944 904 854 850 851 831 815 793 801 730 638 642 673 702 683 702 670 664 646 692 661 710 706 672 639 579 534 482 443 428 445 469 460 445 428 449 504 540 620 650 771 807 873 924 1008 1043 1063 1080 1101 1120 1110 1146 1189 1217 1166 1130 1068 1083 1082 1039 1026 1002 989 989 969 996 967 963 983 949 876 859 838 825 803 891 876 927 919 859 835 783 804 784 696 612 560 542 529 519 570 558 555 583 570 600 540 569 575 583 543 534 593 651 667 640 683 732 712 716 697 695 679 700 695 722 703 711 772 884 930 994 1015 978 1041 1032 1073 1066 1086 1064 1102 1037 964 947 896 910 898 906 885 802 718 694 627 597 528 506 470 497 493 509 525 489 454 446 430 461 453 435 477 537 632 677 677 676 701 699 729 709 692 663 651 701 682 671 667 634 612 561 531 503 515 468 457 530 543 509 442 446 464 450 400 377 396 406 388 416 437 423 408 398 387 389 408 391 381 353 343 353 328 340 345 383 382 392 409 394 390 349 339 344 294 257 252 230 221 225 217 208 218 216 237 229 234 240 241 249 257 267 270 253 277 303 293 291 297 326 318 289 281 276 272 294 274 269 255 266 286 271 286 290 275 267 240 251 219 197 175 158 146 146 146 134 134 134 142 142 142 150 150 150 134 134 134 134 134 134 130 130 130 130 130 130 142 138 138 134 134 134 134 134 134 152 152 152 160 164 160 160 160 160 160 164 164 160 160 160 144 144 144 154 154 154 118 118 118 122 122 122 124 124 124 136 138 136 114 114 114 114 114 114 114 116 116 114 114 114 114 114 114 114 116 114 114 114 114 114 114 114 114 114 114 114 114 114 114 114 114 114 114 114 114 114 114 114 114 114 114 114 114 114 114 114 114 114 114 114 114 114 114 114 114 114 114 114 114 114 114 114 114 114 114 114 114 114 114 114 114 114 114 114 114 114 114 bytes
[Exif IFD0 - 0x011a] X Resolution = 72 dots per inch
[Exif IFD0 - 0x011b] Y Resolution = 72 dots per inch
[Exif IFD0 - 0x011c] Planar Configuration = Chunky (contiguous for each subsampling pixel)
[Exif IFD0 - 0x0128] Resolution Unit = Inch
[Exif IFD0 - 0x0140] Color Map = [768 values]
[Exif IFD0 - 0x830e] Pixel Scale = 25.4 25.4 0
[Exif IFD0 - 0x8482] Model Tie Point = 0 0 0 576496.823 4660453.588 0
[Exif IFD0 - 0x87af] GeoTIFF Geo Keys = [20 values]

[GeoTIFF - 0x0400] Model Type = Projected
[GeoTIFF - 0x0401] Raster Type = PixelIsArea
[GeoTIFF - 0x0c00] Projected Coordinate System Type = WGS84 UTM zone 17N
[GeoTIFF - 0x0c01] Projected Coordinate System Citation = UTM Zone 17 N with WGS84

[File Type - 0x0001] Detected File Type Name = TIFF
[File Type - 0x0002] Detected File Type Long Name = Tagged Image File Format
[File Type - 0x0003] Detected MIME Type = image/tiff
[File Type - 0x0004] Expected File Name Extension = tiff

[File - 0x0001] File Name = c41078a1.tif
[File - 0x0002] File Size = 15777806 bytes
[File - 0x0003] File Modified Date = <omitted for regression testing as checkout dependent>

- Exif IFD0
    - GeoTIFF
- File Type
- File

Generated using metadata-extractor
https://drewnoakes.com/code/exif/
