FILE: f41078a1.tif
TYPE: TIFF

[Exif IFD0 - 0x00fe] New Subfile Type = Full-resolution image
[Exif IFD0 - 0x0100] Image Width = 9921 pixels
[Exif IFD0 - 0x0101] Image Height = 6248 pixels
[Exif IFD0 - 0x0102] Bits Per Sample = 8 bits/component/pixel
[Exif IFD0 - 0x0103] Compression = PackBits
[Exif IFD0 - 0x0106] Photometric Interpretation = RGB Palette
[Exif IFD0 - 0x0111] Strip Offsets = [6248 values]
[Exif IFD0 - 0x0115] Samples Per Pixel = 1 samples/pixel
[Exif IFD0 - 0x0116] Rows Per Strip = 1 rows/strip
[Exif IFD0 - 0x0117] Strip Byte Counts = 156 156 156 156 156 156 156 156 156 156 156 156 156 156 156 156 156 156 156 156 156 156 156 156 156 156 156 156 156 156 156 156 156 156 156 156 156 156 156 156 156 156 156 156 156 156 156 156 156 156 156 156 156 156 156 156 156 156 156 156 156 156 156 156 156 156 156 156 156 156 156 156 156 156 156 156 156 156 156 156 156 156 156 156 156 156 156 166 166 166 174 174 174 184 184 184 180 176 176 188 188 188 182 182 182 196 196 196 192 192 192 192 192 192 200 196 196 184 184 184 200 196 198 214 210 210 205 213 196 216 214 218 206 212 214 210 215 215 225 217 213 217 212 225 224 214 212 207 211 207 238 241 248 264 262 253 233 239 225 272 279 268 268 272 277 276 266 272 260 268 267 259 252 258 258 256 250 248 255 238 244 242 249 252 255 252 236 240 251 247 238 245 252 254 255 272 258 261 293 271 268 252 251 242 271 262 250 265 268 267 267 246 252 251 233 226 232 262 266 245 243 243 237 246 242 230 247 232 205 208 206 178 178 178 198 200 198 186 186 186 190 190 190 200 200 200 184 184 184 188 186 186 190 190 190 184 184 196 248 262 270 276 265 266 310 310 304 297 274 294 327 308 300 324 345 348 352 328 353 373 382 377 382 399 417 433 415 406 466 440 428 423 414 410 421 404 422 426 405 403 427 403 418 428 436 480 497 514 533 523 529 553 541 570 593 555 574 568 574 594 600 612 644 654 678 721 729 685 690 712 706 744 763 770 777 786 799 829 850 822 825 834 861 891 894 896 853 838 850 858 891 907 879 905 924 955 980 966 974 968 1016 1016 1009 977 990 1003 1052 1051 1025 1076 1075 1097 1120 1101 1085 1108 1076 1132 1200 1181 1195 1233 1234 1274 1308 1303 1316 1325 1269 1269 1305 1326 1383 1411 1380 1378 1412 1427 1440 1430 1462 1480 1547 1536 1572 1577 1588 1600 1606 1649 1693 1734 1696 1691 1685 1637 1672 1619 1594 1655 1738 1695 1746 1827 1836 1865 1848 1909 1967 1923 1960 2006 2035 2092 2106 2133 2143 2087 2244 2157 2134 2218 2240 2224 2281 2255 2253 2257 2293 2273 2284 2310 2342 2353 2366 2348 2453 2414 2409 2435 2507 2474 2519 2510 2507 2521 2396 2466 2382 2365 2431 2393 2404 2422 2439 2493 2477 2491 2565 2547 2586 2571 2583 2614 2662 2668 2678 2638 2675 2631 2745 2690 2618 2666 2586 2539 2645 2684 2657 2710 2668 2765 2747 2696 2854 2821 2792 2944 2996 3051 3179 3106 3134 3142 3224 3194 3154 3127 3085 3083 3114 3103 3158 3123 3146 3167 3216 3225 3251 3252 3272 3274 3201 3240 3165 3177 3194 3216 3175 3285 3264 3171 3160 3040 3143 3080 3151 3092 3099 3179 3244 3174 3182 3137 3125 3159 3107 3120 3087 3078 3047 3061 3034 3070 3060 3043 3045 2998 2981 3019 3038 3072 3004 3028 2988 3086 3046 3013 2934 2935 2987 2992 3031 3009 2988 3039 3085 3109 3111 3114 3066 3087 3084 3018 3054 3027 3037 3005 2928 3001 3051 3079 3006 2962 2889 2904 2894 2918 2896 2890 2867 2868 2876 2861 2885 2849 2883 2799 2843 2853 2847 2794 2890 2862 2909 2947 2954 2923 2855 2888 2891 2924 2893 2981 2992 2998 2970 3017 3015 3025 3062 3112 3058 3076 3100 3100 3161 3251 3272 3268 3288 3246 3290 3301 3363 3277 3224 3242 3216 3215 3199 3200 3192 3158 3168 3098 3167 3141 3174 3237 3183 3205 3207 3156 3175 3236 3257 3366 3250 3194 3197 3268 3229 3277 3265 3212 3184 3184 3121 3163 3042 3182 3124 3190 3105 3166 3073 3074 3046 3055 3180 3257 3219 3204 3161 3222 3109 3118 3147 3125 3203 3253 3190 3214 3086 3142 3029 3052 3019 3082 3092 3048 2927 2966 2958 2926 3005 2946 2941 2930 2997 2985 3030 3019 3022 3092 3043 3145 3039 3004 2971 2971 2948 2962 2980 2992 3090 3035 2995 3019 3039 2997 3023 2990 3036 3057 3102 3119 3068 3036 2998 2962 2869 2998 2967 3078 3087 3205 3185 3144 3149 2988 2976 2952 3096 3104 3067 3120 3108 3159 3027 3063 3080 3069 3076 3042 3011 3053 3119 3153 3174 3196 3163 3194 3194 3106 3162 3194 3203 3223 3229 3222 3141 3145 3004 3032 2962 3019 2996 3020 3117 3056 3013 3067 2911 2988 2996 2987 3064 3075 2988 2977 2928 2940 2885 2893 2888 2785 2749 2870 2784 2758 2786 2814 2799 2809 2831 2791 2842 2863 2833 2857 2817 2764 2855 2799 2736 2773 2698 2723 2698 2737 2872 2842 2745 2696 2847 2755 2734 2684 2674 2772 2820 2808 2799 2765 2747 2882 2857 2838 2878 2884 2905 2907 2975 2961 2900 2840 2728 2746 2814 2766 2777 2755 2823 2805 2803 2886 2838 2839 2912 2820 2794 2767 2826 2821 2747 2793 2760 2691 2674 2680 2680 2693 2735 2782 2776 2810 2819 2826 2824 2843 2776 2817 2792 2785 2873 2832 2851 2948 2903 2876 2881 2888 2899 2897 2838 2876 2789 2810 2740 2756 2742 2761 2743 2843 2845 2876 2934 2910 2972 2889 2848 2908 2864 2896 2886 2822 2917 2946 2966 2941 2918 2982 2992 2971 2953 2941 2948 2882 2861 2858 2848 2883 2912 2878 2883 2843 2845 2869 2814 2872 2932 2927 2980 3015 3006 3016 2974 2985 3065 3065 2969 2933 2978 2922 2873 2951 2957 2953 2999 2939 2986 3049 3087 3170 3051 2908 2902 2865 2924 3016 2912 2928 2876 2935 2870 2942 2906 2943 2850 2801 2791 2810 2764 2764 2734 2770 2746 2769 2723 2772 2749 2760 2714 2699 2677 2666 2695 2770 2764 2857 2840 2836 2881 2882 2841 2894 2832 2782 2884 2818 2845 2822 2741 2805 2864 2723 2678 2710 2655 2648 2693 2795 2809 2825 2842 2881 2835 2836 2776 2731 2745 2790 2857 2869 2842 2788 2786 2820 2808 2754 2768 2727 2680 2672 2696 2685 2668 2692 2632 2651 2619 2578 2564 2545 2550 2562 2533 2548 2549 2613 2631 2597 2522 2608 2623 2666 2670 2585 2683 2677 2723 2718 2719 2682 2739 2754 2691 2758 2773 2790 2783 2766 2769 2754 2856 2845 2805 2868 2872 2870 2987 2951 2955 2929 2895 2905 2865 2821 2787 2854 2785 2855 2899 2863 2885 2804 2820 2789 2778 2752 2722 2721 2765 2817 2908 2861 2846 2790 2827 2796 2883 2864 2841 2876 2878 2886 2855 2891 2924 2916 2978 2923 2868 2865 2906 2942 2947 2994 3061 2989 2978 2947 2947 2931 3017 3000 3010 3034 3048 3029 2971 2868 2873 2934 2928 2919 2907 2930 2984 3007 3010 2906 2953 2974 2985 3034 3000 3082 3095 3060 3165 3120 3176 3151 3184 3212 3153 3237 3056 3130 3188 3150 3143 3150 3036 3017 3090 3041 3073 3144 3125 3104 3120 3188 3233 3208 3200 3143 3064 3068 3103 3109 3076 3021 3092 3050 3044 3009 3063 3112 3065 3047 3073 3016 2991 3038 3010 3012 3011 3064 3021 3077 2993 2979 2966 2936 2960 2967 3008 3043 3087 3099 3080 3068 3022 3036 2988 3033 3032 2966 2993 3033 2959 2927 2948 2984 3012 2994 3034 2983 2970 2981 2997 3062 3000 3113 3065 3069 3042 3008 2964 2990 2957 2964 2969 3038 3027 3026 3002 2992 3046 3002 3064 3015 2984 2982 2984 2945 3023 3027 3015 3004 2994 2938 2952 3021 2977 3059 3041 3055 3051 3059 3033 2992 2912 2879 2892 2959 2876 2900 2938 2968 2972 2962 3004 3013 3105 3133 3185 3084 3061 3079 3148 3190 3228 3128 3131 3149 3138 3127 3056 3065 3104 3058 3117 3150 3174 3105 3077 3161 3118 2998 3084 3044 3042 3038 3058 3068 3009 2965 2992 2916 2848 2829 2827 2793 2774 2840 2836 2811 2853 2884 2922 2862 2973 2936 2889 2899 2977 3039 3017 2977 2901 2890 2892 2879 2904 2888 2885 2884 2901 2931 2959 2943 2964 2893 2923 2912 2965 2882 2782 2738 2699 2732 2780 2808 2841 2802 2863 2850 2828 2765 2750 2774 2766 2806 2700 2718 2755 2744 2731 2728 2760 2701 2742 2720 2719 2783 2799 2772 2784 2814 2805 2890 2946 2882 2956 2933 2938 2905 2831 2818 2863 2909 2950 2941 2966 2995 3053 3024 3030 2974 3026 3020 3002 2996 2966 3007 2924 2894 2921 2949 2911 2934 2863 2835 2817 2855 2905 2891 2907 2905 2926 2841 2871 2960 2942 2944 3001 2968 2938 2898 2908 2891 2926 2955 2939 2982 2980 3022 3053 3069 3027 2989 3068 2970 3047 3042 3016 3079 3139 3108 3086 3026 2997 2997 3064 3065 3027 3000 3012 3045 3028 3026 3070 3062 3070 3086 3072 3013 3030 2971 2950 2924 2907 2889 2879 2922 2880 2948 2914 2779 2794 2841 2824 2831 2874 2879 2880 2859 2840 2915 2932 2860 2848 2871 2877 2885 2891 2888 2822 2937 2941 2974 3008 3012 3059 3024 3019 2973 2954 3035 3141 3083 3064 2997 3044 3109 3036 3021 3004 3074 3037 3046 3004 2994 2980 2978 2843 2896 2927 3026 3042 3082 3015 3003 3101 3123 2993 2945 2952 2927 2978 2948 2983 3010 3007 2965 2981 2919 2907 2947 2985 3002 2935 2850 2845 2833 2820 2872 2938 2932 2956 2995 2969 2932 2984 2998 3008 3021 2998 2977 2928 2961 2974 3017 3041 3090 3050 3011 3009 2972 2997 3049 3046 3037 3105 3089 3073 3106 3034 3044 3103 3068 3100 3061 3020 2977 3014 3102 3133 3176 3145 3211 3170 3112 3166 3142 3068 3112 3114 3134 3129 3136 3110 3164 3054 3055 3051 3044 3099 3172 3108 3121 3187 3206 3147 3159 3144 3133 3125 3104 3046 3095 3071 3067 3108 3107 3144 3105 3101 3084 3051 3102 3000 3059 3064 3076 3097 3059 3043 3099 3137 3075 3024 2978 3029 3025 3037 3096 3089 3079 3138 3169 3208 3125 3156 3127 3169 3136 3169 3199 3165 3183 3181 3186 3138 3198 3145 3153 3183 3117 3082 3087 3104 3150 3109 3124 3121 3169 3178 3144 3138 3063 3121 3098 3076 3089 3043 3050 3121 3118 3105 3027 2991 3089 3065 3167 3139 3201 3144 3137 3177 3175 3177 3151 3184 3265 3260 3272 3192 3175 3135 3109 3113 3167 3144 3096 3162 3162 3187 3190 3184 3160 3180 3121 3179 3175 3241 3115 3190 3196 3236 3210 3233 3208 3190 3183 3252 3315 3309 3351 3349 3271 3283 3296 3296 3286 3277 3286 3255 3182 3178 3177 3194 3258 3210 3188 3219 3183 3233 3211 3179 3157 3165 3149 3089 3148 3220 3272 3265 3180 3223 3295 3253 3236 3123 3079 3136 3204 3147 3253 3222 3294 3277 3285 3197 3163 3227 3166 3108 3067 3143 3123 3088 3124 3097 3144 3155 3198 3143 3158 3127 3019 3079 3155 3189 3230 3186 3173 3164 3145 3143 3193 3167 3215 3166 3238 3240 3167 3217 3218 3230 3209 3151 3111 3290 3279 3143 3201 3112 3174 3214 3172 3180 3210 3312 3326 3254 3273 3224 3256 3252 3288 3206 3295 3243 3298 3321 3296 3321 3297 3353 3330 3353 3289 3193 3148 3142 3168 3125 3122 3114 3087 3073 3064 3106 3131 3113 3214 3217 3266 3141 3138 3088 3086 3102 3046 3054 3043 3077 2992 2975 2970 2910 2975 2948 3037 3011 3019 3044 3043 3116 3110 3067 3051 3020 2970 3054 3024 2945 3014 3085 3056 3032 3020 3013 3036 3110 3100 3204 3256 3125 3063 3118 3089 3168 3178 3158 3169 3140 3102 3056 3117 3113 3117 3051 3099 3064 3087 3099 3123 3066 3020 3030 2973 3009 2947 2921 2958 2955 2851 2844 2827 2956 3035 2949 2957 2946 2948 2941 2979 3001 2871 2969 2975 3034 3027 3014 3015 3035 3044 2952 2946 2934 2885 2832 2843 2876 2863 2861 2795 2765 2706 2779 2803 2824 2874 2857 2894 2917 2933 2911 2850 2934 2941 2978 2950 3021 3120 3119 3126 3144 3131 3061 3166 3151 3082 3108 3146 3088 3099 3056 3042 3134 3056 3091 3138 3072 3114 3185 3226 3235 3249 3205 3233 3277 3302 3314 3358 3385 3356 3371 3368 3339 3391 3417 3300 3321 3271 3294 3370 3352 3269 3225 3224 3261 3229 3198 3206 3215 3177 3143 3185 3137 3088 3127 3066 3019 2993 3013 3078 3050 3114 3163 3201 3243 3214 3262 3287 3342 3287 3339 3359 3331 3407 3364 3476 3499 3514 3498 3437 3464 3455 3364 3414 3361 3400 3447 3433 3407 3451 3449 3409 3416 3388 3329 3378 3402 3350 3410 3371 3355 3371 3364 3325 3363 3353 3418 3457 3463 3444 3468 3346 3344 3393 3433 3430 3479 3443 3541 3566 3568 3516 3547 3539 3382 3433 3352 3315 3295 3306 3326 3276 3250 3237 3323 3266 3288 3287 3257 3205 3232 3180 3200 3265 3221 3257 3332 3318 3295 3208 3185 3233 3251 3379 3330 3302 3235 3257 3273 3276 3188 3214 3318 3273 3291 3302 3303 3333 3334 3208 3137 3139 3166 3122 3158 3107 3133 3004 3037 3023 3000 3001 3108 3043 2994 3071 2995 3069 3072 3166 3146 3122 3121 3150 3129 3183 3132 3126 3139 3172 3226 3225 3186 3152 3084 3008 3013 2981 2997 2982 2972 3002 3047 3052 3014 3132 3174 3251 3242 3185 3243 3230 3224 3207 3170 3279 3306 3248 3270 3203 3307 3371 3343 3342 3347 3322 3255 3370 3436 3386 3350 3302 3268 3262 3310 3319 3304 3276 3249 3271 3247 3207 3202 3249 3277 3280 3241 3206 3344 3255 3233 3255 3240 3229 3217 3164 3255 3190 3245 3221 3184 3191 3224 3289 3269 3257 3168 3121 3121 3157 3121 3155 3168 3158 3178 3128 3152 3215 3131 3112 3207 3224 3244 3293 3300 3284 3319 3323 3308 3326 3315 3250 3250 3216 3300 3338 3253 3272 3217 3205 3125 3178 3160 3115 3076 3182 3130 3145 3151 3138 3108 3088 3116 3171 3165 3194 3209 3224 3195 3181 3176 3153 3206 3247 3228 3189 3217 3159 3195 3114 3103 3125 3091 3061 3070 3000 2997 3002 3002 2985 2957 2976 2940 2971 2946 3020 3042 2977 3032 2996 3098 3052 2973 2981 3042 3023 3031 2998 3092 3078 3073 3065 3061 3100 3113 3074 3117 3129 3043 3054 2983 2978 2951 2921 2914 2935 3014 2936 2882 2895 2860 2828 2761 2794 2786 2808 2846 2876 2924 2877 2922 2933 2925 3006 2994 3085 3059 3052 3047 3036 3052 3041 3046 2989 2986 3027 3067 3101 3061 3013 2986 3015 2996 3065 3071 3145 3064 3038 3091 3014 2973 3025 3004 2954 2965 2958 2887 2878 2956 2907 2983 2953 3024 3084 3081 3180 3138 3258 3300 3373 3374 3329 3309 3382 3359 3393 3410 3342 3329 3316 3275 3338 3385 3283 3245 3180 3183 3150 3116 3103 3109 3148 3057 3013 3028 3050 3035 3098 3069 2966 2953 3000 3017 2997 2951 2956 3000 3005 2942 2952 2953 2968 2903 3001 2988 2943 2898 2934 3012 3005 3047 2993 3003 3058 3058 3080 3059 3072 3087 3133 3173 3169 3132 3072 3100 3092 3113 3054 3079 3115 3095 3030 3053 3089 3069 3079 3041 3025 2971 2965 2925 3007 2934 2992 2943 3020 3046 3116 3070 3027 3071 3066 3136 3063 2968 2922 3023 2921 3014 2939 2986 2954 2894 2930 2978 2906 2884 2907 2890 2917 2872 2956 3013 3035 3120 3068 2999 2978 2972 2932 2985 2961 2910 2907 3029 2984 3013 2976 2961 2925 2858 2866 2860 2916 2944 2944 2935 2957 2959 2901 2950 2919 2881 2875 2842 2866 2881 2782 2809 2839 2853 2925 2882 2898 2836 2860 2878 2833 2844 2892 2857 2809 2791 2867 2857 2877 2875 2843 2825 2845 2859 2868 2881 2892 2928 2850 2896 2869 2881 2875 2880 2877 2906 2915 2921 2889 2888 2868 2911 2880 2891 2862 2829 2849 2847 2883 2849 2810 2818 2842 2847 2793 2742 2695 2704 2671 2731 2759 2733 2776 2767 2803 2806 2810 2840 2893 2952 2884 2903 2938 2985 2939 2917 2881 2879 2901 2841 2812 2807 2806 2803 2836 2906 2899 2909 2799 2791 2698 2686 2740 2782 2840 2766 2757 2789 2824 2786 2740 2737 2840 2823 2841 2815 2817 2796 2873 2917 2887 2888 2853 2893 2818 2843 2816 2818 2814 2845 2839 2852 2889 2887 2921 2928 2829 2882 2835 2750 2756 2754 2791 2826 2916 2893 2922 2965 2919 2890 2879 2797 2798 2758 2687 2695 2729 2733 2649 2682 2695 2620 2554 2450 2437 2463 2493 2502 2458 2440 2418 2367 2441 2391 2433 2457 2424 2403 2329 2359 2420 2488 2451 2495 2513 2508 2495 2475 2495 2458 2582 2605 2662 2668 2623 2583 2590 2599 2622 2657 2618 2622 2627 2637 2673 2660 2702 2753 2673 2590 2645 2562 2548 2533 2466 2498 2530 2554 2548 2588 2533 2513 2492 2546 2588 2610 2626 2546 2584 2571 2601 2629 2631 2630 2592 2612 2622 2665 2589 2583 2603 2610 2577 2524 2529 2503 2507 2535 2461 2485 2458 2516 2466 2558 2562 2550 2498 2496 2571 2543 2536 2528 2501 2535 2523 2582 2528 2533 2621 2618 2599 2572 2562 2526 2548 2566 2527 2559 2489 2493 2484 2462 2495 2505 2418 2436 2397 2415 2401 2461 2435 2459 2485 2464 2426 2474 2419 2396 2396 2436 2386 2375 2392 2427 2512 2492 2483 2512 2496 2489 2500 2489 2476 2553 2602 2628 2642 2533 2601 2551 2547 2577 2562 2492 2530 2530 2533 2442 2507 2439 2522 2531 2518 2552 2538 2536 2454 2417 2382 2365 2293 2267 2314 2351 2334 2306 2295 2321 2347 2353 2327 2319 2373 2281 2343 2359 2300 2316 2316 2289 2263 2307 2348 2361 2311 2278 2248 2267 2241 2205 2245 2210 2180 2127 2145 2230 2167 2180 2162 2102 2099 2178 2155 2186 2117 2107 2170 2090 2165 2153 2188 2203 2190 2143 2191 2190 2138 2057 2120 2131 2128 2135 2091 2052 2041 2099 2110 2120 2117 2089 2124 2167 2152 2157 2167 2122 2112 2127 2118 2076 2126 2144 2180 2151 2151 2124 2075 2093 2036 2079 2112 2079 2154 2165 2222 2308 2270 2243 2235 2233 2230 2246 2239 2247 2288 2313 2292 2285 2273 2316 2350 2369 2385 2298 2281 2303 2356 2283 2244 2257 2209 2221 2183 2236 2195 2222 2202 2237 2176 2192 2176 2146 2228 2241 2230 2236 2247 2232 2187 2135 2148 2121 2167 2185 2160 2158 2205 2175 2183 2156 2166 2161 2114 2139 2133 2181 2168 2180 2197 2225 2172 2213 2208 2213 2200 2271 2253 2301 2308 2330 2320 2290 2282 2326 2302 2298 2353 2330 2271 2263 2261 2230 2175 2213 2205 2234 2239 2185 2151 2144 2192 2190 2137 2162 2157 2238 2138 2181 2186 2227 2246 2246 2277 2284 2349 2348 2379 2383 2361 2306 2291 2300 2328 2347 2341 2270 2304 2302 2358 2383 2389 2347 2339 2371 2378 2414 2371 2406 2455 2416 2386 2394 2480 2458 2433 2382 2448 2534 2544 2487 2468 2390 2314 2317 2339 2321 2309 2336 2251 2323 2298 2228 2292 2372 2433 2371 2394 2462 2470 2431 2450 2483 2481 2548 2563 2478 2458 2463 2441 2389 2422 2374 2455 2379 2484 2436 2434 2394 2334 2315 2331 2402 2366 2376 2441 2444 2402 2383 2446 2445 2396 2398 2408 2345 2387 2432 2470 2465 2414 2444 2421 2403 2378 2378 2395 2412 2356 2355 2322 2323 2322 2454 2386 2469 2495 2478 2477 2528 2459 2560 2470 2475 2492 2434 2451 2447 2383 2341 2335 2327 2299 2342 2375 2430 2438 2396 2379 2461 2482 2449 2531 2475 2477 2444 2373 2323 2312 2373 2348 2412 2373 2437 2454 2394 2449 2500 2603 2637 2532 2537 2527 2553 2585 2549 2502 2468 2441 2462 2399 2440 2348 2395 2374 2340 2435 2496 2549 2488 2515 2509 2564 2520 2478 2484 2488 2558 2516 2558 2526 2498 2525 2491 2449 2447 2472 2448 2435 2403 2423 2439 2427 2574 2522 2516 2505 2513 2497 2442 2390 2548 2535 2532 2531 2501 2489 2542 2522 2548 2500 2576 2606 2601 2535 2597 2505 2465 2475 2461 2513 2564 2470 2510 2497 2555 2542 2544 2545 2526 2524 2519 2489 2554 2507 2532 2556 2513 2480 2524 2464 2481 2465 2520 2590 2569 2530 2647 2596 2579 2613 2632 2633 2685 2646 2548 2530 2502 2547 2504 2501 2524 2524 2548 2531 2536 2579 2625 2602 2627 2628 2641 2583 2622 2582 2580 2569 2545 2492 2562 2555 2612 2488 2536 2542 2493 2535 2531 2570 2571 2534 2521 2492 2520 2542 2556 2672 2579 2515 2498 2512 2528 2485 2427 2406 2370 2442 2387 2440 2397 2402 2472 2523 2529 2538 2579 2550 2571 2531 2566 2502 2476 2468 2438 2431 2468 2482 2455 2443 2421 2429 2397 2423 2356 2472 2452 2420 2462 2462 2459 2463 2437 2472 2430 2418 2372 2397 2430 2442 2451 2467 2453 2410 2435 2427 2402 2395 2389 2352 2354 2458 2444 2339 2361 2346 2359 2293 2285 2271 2273 2351 2351 2288 2305 2274 2325 2346 2259 2277 2269 2349 2402 2452 2390 2487 2517 2537 2531 2542 2577 2550 2590 2611 2599 2663 2691 2681 2723 2681 2715 2632 2560 2576 2564 2573 2562 2559 2655 2601 2604 2578 2600 2541 2546 2589 2621 2563 2562 2501 2502 2425 2450 2474 2490 2488 2451 2440 2459 2410 2429 2573 2585 2652 2675 2658 2609 2639 2672 2619 2640 2632 2698 2577 2567 2540 2537 2464 2508 2541 2550 2546 2526 2516 2565 2662 2618 2709 2631 2657 2673 2712 2690 2694 2706 2706 2608 2574 2552 2549 2538 2489 2496 2543 2543 2530 2479 2393 2389 2437 2537 2412 2454 2430 2452 2561 2615 2573 2538 2456 2546 2521 2566 2526 2541 2565 2467 2450 2462 2424 2415 2406 2432 2448 2401 2384 2398 2370 2348 2347 2279 2363 2305 2333 2298 2286 2279 2264 2248 2200 2262 2266 2245 2229 2303 2311 2322 2302 2318 2330 2339 2305 2348 2404 2331 2336 2381 2458 2364 2507 2327 2324 2332 2427 2392 2438 2366 2317 2340 2299 2293 2258 2260 2240 2327 2308 2332 2375 2302 2368 2304 2199 2232 2173 2093 2142 2186 2203 2189 2177 2180 2234 2228 2235 2206 2220 2161 2153 2128 2150 2217 2243 2249 2306 2331 2295 2252 2303 2300 2307 2343 2350 2254 2194 2164 2224 2188 2193 2210 2219 2228 2238 2252 2274 2233 2175 2211 2142 2158 2142 2140 2128 2125 2142 2162 2170 2127 2205 2199 2145 2144 2096 2103 2109 2163 2163 2170 2241 2162 2175 2203 2215 2228 2216 2260 2315 2235 2206 2197 2175 2159 2123 2142 2154 2218 2114 2138 2119 2142 2138 2165 2141 2108 2098 2077 2139 2174 2120 2113 2109 2186 2199 2156 2184 2135 2221 2202 2243 2194 2266 2260 2309 2283 2359 2377 2431 2455 2428 2402 2410 2419 2444 2426 2392 2451 2462 2495 2525 2448 2499 2520 2535 2530 2518 2468 2425 2406 2423 2482 2399 2325 2367 2227 2211 2251 2276 2320 2355 2346 2413 2417 2484 2460 2489 2465 2457 2512 2496 2418 2447 2489 2503 2413 2521 2428 2408 2423 2279 2333 2294 2265 2268 2371 2361 2357 2385 2411 2378 2384 2349 2347 2319 2291 2286 2310 2284 2302 2329 2338 2370 2437 2430 2437 2444 2419 2446 2426 2414 2387 2341 2355 2403 2459 2491 2570 2580 2522 2527 2521 2527 2558 2575 2458 2459 2436 2452 2433 2448 2460 2468 2476 2452 2441 2491 2449 2494 2532 2490 2467 2464 2418 2449 2357 2322 2366 2279 2211 2346 2331 2369 2394 2373 2371 2363 2306 2289 2374 2370 2379 2373 2349 2342 2305 2334 2366 2398 2402 2363 2323 2333 2300 2270 2215 2187 2159 2110 2135 2152 2186 2215 2204 2238 2245 2220 2274 2279 2232 2166 2183 2207 2219 2243 2242 2207 2213 2199 2209 2211 2204 2106 2149 2175 2153 2183 2205 2179 2198 2196 2226 2245 2287 2259 2344 2390 2433 2456 2376 2358 2321 2282 2334 2316 2289 2370 2479 2460 2448 2453 2437 2423 2402 2425 2381 2433 2417 2452 2373 2399 2467 2396 2388 2468 2498 2455 2440 2429 2418 2367 2449 2413 2493 2504 2490 2507 2439 2426 2439 2444 2491 2491 2469 2513 2483 2466 2507 2558 2618 2622 2610 2577 2557 2560 2599 2584 2661 2665 2622 2654 2594 2604 2607 2599 2621 2633 2651 2660 2682 2740 2655 2601 2553 2568 2494 2487 2505 2444 2457 2458 2431 2461 2511 2538 2555 2618 2624 2651 2675 2668 2622 2562 2582 2617 2624 2632 2605 2574 2574 2569 2601 2607 2587 2597 2619 2559 2605 2550 2556 2542 2548 2538 2528 2597 2575 2652 2544 2597 2587 2568 2543 2512 2447 2492 2557 2598 2560 2564 2691 2661 2651 2639 2661 2626 2716 2714 2706 2707 2666 2707 2652 2615 2630 2629 2582 2588 2654 2730 2748 2683 2706 2765 2826 2800 2833 2802 2763 2730 2727 2691 2707 2691 2583 2635 2538 2527 2541 2531 2514 2531 2470 2408 2385 2422 2452 2590 2587 2594 2555 2569 2591 2619 2484 2512 2554 2558 2530 2578 2588 2597 2549 2617 2629 2685 2735 2748 2732 2734 2687 2715 2670 2648 2647 2706 2691 2737 2688 2615 2572 2503 2483 2482 2537 2499 2453 2387 2487 2510 2591 2575 2540 2508 2615 2710 2724 2735 2783 2855 2814 2853 2697 2667 2677 2612 2724 2741 2691 2664 2683 2678 2633 2652 2539 2624 2760 2795 2928 2817 2726 2756 2634 2638 2499 2510 2470 2411 2517 2512 2526 2509 2553 2582 2647 2617 2683 2576 2538 2559 2539 2611 2629 2660 2671 2738 2709 2733 2725 2720 2729 2735 2786 2765 2765 2733 2775 2682 2677 2628 2676 2673 2641 2662 2679 2630 2588 2557 2576 2563 2583 2510 2574 2566 2679 2640 2656 2621 2657 2642 2677 2641 2713 2671 2642 2603 2667 2643 2724 2830 2834 2842 2834 2796 2762 2760 2683 2583 2558 2574 2646 2581 2460 2517 2421 2426 2360 2450 2403 2413 2464 2497 2512 2499 2432 2460 2426 2478 2499 2553 2606 2612 2540 2534 2588 2611 2649 2641 2580 2629 2696 2716 2670 2725 2680 2713 2682 2652 2540 2598 2666 2599 2607 2610 2537 2515 2555 2545 2535 2497 2498 2470 2484 2462 2414 2418 2496 2454 2545 2483 2499 2444 2411 2498 2516 2513 2524 2526 2547 2560 2513 2465 2473 2537 2538 2560 2534 2527 2563 2560 2562 2563 2558 2562 2469 2499 2505 2466 2553 2505 2493 2429 2374 2357 2325 2403 2340 2333 2312 2315 2336 2327 2298 2350 2387 2442 2457 2534 2575 2631 2578 2618 2641 2670 2759 2787 2831 2820 2793 2751 2660 2630 2618 2529 2607 2558 2595 2544 2522 2484 2545 2560 2675 2719 2745 2713 2635 2720 2634 2653 2622 2633 2615 2581 2550 2553 2503 2500 2510 2524 2665 2639 2633 2676 2701 2738 2719 2697 2590 2565 2555 2568 2574 2587 2599 2537 2555 2552 2504 2570 2544 2476 2474 2546 2582 2618 2501 2464 2538 2501 2494 2556 2452 2401 2410 2415 2492 2494 2413 2537 2548 2631 2678 2691 2723 2720 2680 2652 2712 2756 2678 2613 2604 2622 2569 2542 2532 2523 2481 2488 2500 2450 2516 2492 2444 2471 2454 2389 2399 2396 2477 2392 2399 2356 2326 2312 2305 2265 2304 2294 2373 2425 2477 2460 2504 2557 2500 2503 2526 2538 2539 2555 2584 2619 2607 2556 2525 2492 2502 2447 2444 2427 2425 2401 2382 2401 2394 2374 2384 2423 2418 2411 2432 2446 2434 2427 2383 2473 2461 2525 2532 2634 2622 2659 2736 2783 2761 2809 2827 2820 2899 2924 2926 2880 2838 2831 2797 2757 2670 2820 2731 2746 2691 2693 2583 2522 2530 2527 2596 2615 2547 2594 2611 2641 2653 2653 2678 2708 2638 2676 2607 2629 2694 2685 2709 2726 2715 2799 2841 2942 2914 2903 2854 2842 2851 3035 3060 3003 2977 2910 2866 2768 2757 2723 2655 2703 2698 2696 2684 2708 2675 2631 2633 2639 2605 2606 2677 2717 2745 2762 2684 2669 2740 2751 2837 2869 2935 2987 2990 2979 3003 2944 2877 2924 2847 2863 2839 2789 2750 2738 2717 2684 2666 2616 2565 2531 2540 2546 2575 2526 2559 2526 2535 2565 2596 2563 2504 2603 2546 2535 2502 2467 2520 2562 2598 2617 2688 2664 2736 2695 2730 2735 2759 2765 2772 2786 2781 2685 2703 2728 2677 2662 2648 2687 2706 2642 2658 2684 2707 2718 2690 2718 2760 2761 2803 2796 2735 2739 2778 2709 2702 2714 2751 2723 2786 2758 2741 2825 2796 2870 2856 2869 2832 2854 2868 2809 2836 2800 2760 2748 2705 2667 2589 2580 2624 2597 2599 2557 2503 2486 2454 2474 2426 2437 2397 2429 2382 2401 2426 2449 2461 2467 2434 2486 2553 2570 2555 2590 2630 2664 2804 2860 2815 2754 2775 2762 2744 2742 2765 2817 2863 2804 2773 2736 2708 2755 2651 2791 2780 2621 2632 2665 2629 2623 2596 2644 2641 2707 2653 2678 2715 2640 2683 2615 2706 2759 2790 2764 2781 2739 2755 2784 2815 2832 2851 2911 2948 2985 3017 2981 2912 2887 2935 2986 2897 2918 2880 2866 2835 2837 2747 2798 2782 2793 2813 2795 2761 2671 2662 2591 2553 2522 2534 2572 2594 2607 2599 2564 2631 2598 2541 2611 2678 2640 2621 2638 2614 2605 2638 2670 2732 2703 2719 2762 2740 2671 2604 2661 2608 2569 2561 2493 2504 2556 2618 2562 2611 2611 2636 2658 2659 2665 2662 2713 2760 2736 2720 2755 2798 2694 2716 2640 2665 2672 2731 2697 2761 2757 2769 2853 2908 2866 2864 2882 2901 2932 2925 2869 2843 2853 2852 2803 2811 2775 2713 2763 2727 2761 2790 2834 2699 2705 2721 2727 2707 2655 2710 2706 2729 2651 2665 2638 2740 2786 2839 2833 2860 2808 2859 2904 2949 3064 3015 2974 3023 2924 2905 2960 2971 2920 2917 2927 2867 2867 2811 2802 2735 2689 2636 2578 2531 2597 2675 2703 2771 2702 2694 2739 2698 2690 2655 2769 2790 2826 2865 2940 3028 3037 3136 3156 3121 3085 3018 3049 3047 3108 3099 3026 3151 3062 2984 3004 2886 2863 2868 2792 2726 2750 2678 2726 2809 2740 2737 2799 2781 2779 2796 2773 2793 2755 2803 2808 2851 2860 2983 3027 3086 3088 3079 2971 3000 2984 3063 3096 3130 3154 3070 3038 2983 2943 2957 2918 2958 2951 2984 2923 2908 2892 2854 2865 2834 2846 2823 2919 2893 2950 2963 2979 2939 2892 2912 2945 2860 2908 2983 2869 2869 2850 2978 2948 2935 2882 3065 3042 3134 3005 3087 3118 3148 3221 3176 3222 3198 3223 3244 3187 3134 3113 3144 3181 3089 3076 3124 3029 3125 3112 3093 3075 3023 3026 2940 2964 2915 2882 2917 2874 2876 2863 2932 2980 3029 3017 2921 2944 3042 3074 3098 3113 3101 3073 3082 3131 3135 2925 2907 2843 2799 2744 2646 2677 2631 2606 2636 2548 2574 2595 2644 2707 2745 2664 2726 2678 2751 2721 2740 2731 2757 2805 2820 2785 2855 2872 2884 2925 2977 2974 3013 2938 2909 2889 2967 2974 2947 2955 2946 2998 3017 3015 2904 2869 2825 2831 2831 2807 2806 2801 2839 2846 2778 2826 2795 2766 2796 2758 2813 2772 2723 2696 2666 2720 2733 2802 2811 2825 2922 2893 2940 2960 2841 2887 2860 2947 2897 2874 2819 2740 2761 2728 2809 2892 2883 2937 3016 2891 2815 2748 2664 2745 2774 2746 2741 2718 2715 2726 2749 2801 2816 2787 2730 2740 2768 2766 2755 2754 2762 2887 2908 2924 2928 2988 3017 3038 3020 2961 2991 2924 2896 2823 2817 2802 2810 2768 2793 2847 2844 2790 2741 2650 2603 2522 2625 2672 2633 2662 2618 2625 2647 2674 2613 2633 2629 2671 2670 2756 2804 2851 2890 2852 2873 2926 2968 2971 2945 2881 2947 2992 3043 3026 2864 2861 2870 2831 2755 2753 2723 2744 2750 2796 2778 2814 2783 2830 2794 2795 2827 2839 2764 2756 2770 2807 2813 2780 2781 2752 2840 2879 2887 2873 2915 2908 2928 2944 2962 3070 3077 3043 2993 2887 2893 2946 2876 2806 2762 2831 2903 2959 2945 2807 2756 2709 2687 2698 2608 2551 2607 2644 2635 2662 2593 2649 2664 2597 2606 2606 2598 2609 2699 2736 2737 2820 2896 2978 2887 2879 2891 2966 2915 3070 3070 2965 2942 2900 2889 2844 2861 2776 2726 2746 2696 2657 2711 2702 2687 2647 2581 2565 2540 2583 2505 2553 2567 2606 2582 2555 2591 2623 2618 2651 2603 2651 2639 2644 2719 2642 2595 2689 2725 2783 2748 2775 2808 2764 2769 2863 2807 2740 2674 2638 2590 2670 2599 2596 2579 2569 2504 2533 2491 2522 2483 2616 2629 2647 2597 2577 2629 2645 2628 2572 2560 2513 2625 2648 2725 2812 2768 2787 2795 2807 2813 2804 2895 2909 2932 2911 2867 2834 2792 2745 2721 2774 2807 2828 2808 2821 2769 2721 2711 2704 2637 2656 2693 2733 2696 2667 2594 2636 2684 2728 2650 2720 2607 2553 2570 2607 2603 2640 2631 2625 2576 2577 2546 2623 2679 2699 2732 2758 2698 2698 2655 2613 2652 2700 2706 2749 2738 2694 2724 2755 2790 2777 2704 2708 2634 2638 2620 2581 2532 2580 2634 2506 2496 2496 2525 2666 2620 2736 2645 2592 2560 2565 2571 2559 2519 2578 2543 2551 2520 2602 2590 2608 2542 2578 2681 2707 2647 2637 2742 2740 2786 2834 2784 2774 2782 2769 2766 2726 2701 2751 2773 2787 2781 2819 2775 2838 2807 2787 2815 2764 2785 2796 2777 2813 2776 2827 2788 2775 2787 2747 2761 2724 2674 2651 2667 2674 2570 2582 2662 2612 2602 2565 2560 2546 2558 2555 2554 2542 2530 2566 2619 2611 2623 2571 2590 2583 2611 2601 2611 2632 2658 2642 2541 2514 2566 2495 2594 2688 2665 2661 2634 2689 2716 2670 2630 2671 2660 2675 2620 2558 2565 2564 2626 2606 2621 2644 2681 2618 2518 2406 2389 2349 2344 2418 2434 2439 2479 2514 2447 2474 2433 2429 2403 2424 2365 2436 2555 2526 2520 2512 2511 2536 2492 2531 2519 2475 2500 2555 2529 2560 2580 2590 2583 2631 2641 2640 2603 2542 2472 2522 2477 2392 2425 2428 2443 2447 2474 2501 2445 2427 2521 2591 2603 2562 2581 2530 2508 2477 2559 2506 2470 2432 2475 2402 2449 2409 2438 2441 2433 2348 2289 2265 2375 2357 2295 2321 2337 2269 2221 2194 2177 2196 2205 2275 2202 2260 2239 2228 2184 2115 2154 2223 2200 2156 2202 2175 2111 2074 2122 2142 2219 2188 2113 2108 2134 2218 2138 2238 2154 2234 2223 2212 2206 2099 2150 2142 2096 2106 2134 2049 2085 2072 2121 2116 2017 2041 2049 2009 2077 2168 2047 2083 2014 2022 1962 1988 1971 1930 1976 1898 1872 1880 1899 2002 2010 1936 1887 1850 1818 1850 1820 1864 1885 1816 1823 1807 1730 1727 1700 1770 1724 1681 1681 1729 1638 1580 1554 1468 1546 1457 1414 1433 1422 1410 1436 1433 1416 1354 1390 1372 1432 1365 1362 1412 1418 1377 1426 1391 1380 1312 1323 1330 1321 1399 1401 1451 1361 1434 1330 1334 1353 1418 1316 1299 1354 1298 1279 1296 1291 1185 1162 1220 1295 1308 1280 1175 1271 1196 1225 1306 1222 1217 1228 1234 1170 1264 1277 1104 1107 1128 1152 1154 1227 1220 1193 1148 1127 1112 1013 1005 1000 970 992 923 923 912 913 910 819 852 760 752 797 745 742 784 664 713 694 642 616 646 626 658 657 641 611 625 641 674 671 673 678 695 751 695 762 720 674 693 640 677 670 653 630 613 662 651 644 565 567 565 531 463 461 490 588 578 523 455 476 497 450 444 507 579 637 716 696 702 639 693 666 671 672 658 703 702 640 564 534 571 549 550 494 441 484 434 432 412 412 440 391 437 362 381 335 342 341 399 389 354 426 421 445 501 507 530 504 532 508 508 430 472 476 464 424 371 368 298 299 248 246 249 221 180 176 176 180 181 185 195 202 211 214 221 208 213 208 212 205 214 209 208 202 197 194 199 201 187 156 158 156 158 158 156 156 156 156 156 156 158 156 158 156 156 156 158 156 156 156 156 156 156 156 156 156 156 156 156 156 156 156 156 156 156 156 156 156 156 156 156 156 156 156 156 156 156 156 156 156 156 156 156 156 156 156 156 156 156 156 156 156 156 156 156 156 156 156 156 156 156 156 156 156 156 160 156 156 156 156 156 156 156 156 156 156 156 158 156 156 156 156 156 156 160 156 156 156 156 156 156 156 156 156 156 156 156 156 156 156 156 156 156 156 156 156 156 156 156 156 156 156 156 156 156 bytes
[Exif IFD0 - 0x011a] X Resolution = 72 dots per inch
[Exif IFD0 - 0x011b] Y Resolution = 72 dots per inch
[Exif IFD0 - 0x011c] Planar Configuration = Chunky (contiguous for each subsampling pixel)
[Exif IFD0 - 0x0128] Resolution Unit = Inch
[Exif IFD0 - 0x0140] Color Map = [768 values]
[Exif IFD0 - 0x830e] Pixel Scale = 10.16 10.16 0
[Exif IFD0 - 0x8482] Model Tie Point = 0 0 0 664354.283 4601368.607 0
[Exif IFD0 - 0x87af] GeoTIFF Geo Keys = [20 values]

[GeoTIFF - 0x0400] Model Type = Projected
[GeoTIFF - 0x0401] Raster Type = PixelIsArea
[GeoTIFF - 0x0c00] Projected Coordinate System Type = WGS84 UTM zone 17N
[GeoTIFF - 0x0c01] Projected Coordinate System Citation = UTM Zone 17 N with WGS84

[File Type - 0x0001] Detected File Type Name = TIFF
[File Type - 0x0002] Detected File Type Long Name = Tagged Image File Format
[File Type - 0x0003] Detected MIME Type = image/tiff
[File Type - 0x0004] Expected File Name Extension = tiff

[File - 0x0001] File Name = f41078a1.tif
[File - 0x0002] File Size = 15476724 bytes
[File - 0x0003] File Modified Date = <omitted for regression testing as checkout dependent>

- Exif IFD0
    - GeoTIFF
- File Type
- File

Generated using metadata-extractor
https://drewnoakes.com/code/exif/
