FILE: m30dem.tif
TYPE: TIFF

[Exif IFD0 - 0x00fe] New Subfile Type = Full-resolution image
[Exif IFD0 - 0x0100] Image Width = 1479 pixels
[Exif IFD0 - 0x0101] Image Height = 1863 pixels
[Exif IFD0 - 0x0102] Bits Per Sample = 16 bits/component/pixel
[Exif IFD0 - 0x0103] Compression = Uncompressed
[Exif IFD0 - 0x0106] Photometric Interpretation = BlackIsZero
[Exif IFD0 - 0x0111] Strip Offsets = [1863 values]
[Exif IFD0 - 0x0115] Samples Per Pixel = 1 samples/pixel
[Exif IFD0 - 0x0116] Rows Per Strip = 1 rows/strip
[Exif IFD0 - 0x0117] Strip Byte Counts = 2958 2958 2958 2958 2958 2958 2958 2958 2958 2958 2958 2958 2958 2958 2958 2958 2958 2958 2958 2958 2958 2958 2958 2958 2958 2958 2958 2958 2958 2958 2958 2958 2958 2958 2958 2958 2958 2958 2958 2958 2958 2958 2958 2958 2958 2958 2958 2958 2958 2958 2958 2958 2958 2958 2958 2958 2958 2958 2958 2958 2958 2958 2958 2958 2958 2958 2958 2958 2958 2958 2958 2958 2958 2958 2958 2958 2958 2958 2958 2958 2958 2958 2958 2958 2958 2958 2958 2958 2958 2958 2958 2958 2958 2958 2958 2958 2958 2958 2958 2958 2958 2958 2958 2958 2958 2958 2958 2958 2958 2958 2958 2958 2958 2958 2958 2958 2958 2958 2958 2958 2958 2958 2958 2958 2958 2958 2958 2958 2958 2958 2958 2958 2958 2958 2958 2958 2958 2958 2958 2958 2958 2958 2958 2958 2958 2958 2958 2958 2958 2958 2958 2958 2958 2958 2958 2958 2958 2958 2958 2958 2958 2958 2958 2958 2958 2958 2958 2958 2958 2958 2958 2958 2958 2958 2958 2958 2958 2958 2958 2958 2958 2958 2958 2958 2958 2958 2958 2958 2958 2958 2958 2958 2958 2958 2958 2958 2958 2958 2958 2958 2958 2958 2958 2958 2958 2958 2958 2958 2958 2958 2958 2958 2958 2958 2958 2958 2958 2958 2958 2958 2958 2958 2958 2958 2958 2958 2958 2958 2958 2958 2958 2958 2958 2958 2958 2958 2958 2958 2958 2958 2958 2958 2958 2958 2958 2958 2958 2958 2958 2958 2958 2958 2958 2958 2958 2958 2958 2958 2958 2958 2958 2958 2958 2958 2958 2958 2958 2958 2958 2958 2958 2958 2958 2958 2958 2958 2958 2958 2958 2958 2958 2958 2958 2958 2958 2958 2958 2958 2958 2958 2958 2958 2958 2958 2958 2958 2958 2958 2958 2958 2958 2958 2958 2958 2958 2958 2958 2958 2958 2958 2958 2958 2958 2958 2958 2958 2958 2958 2958 2958 2958 2958 2958 2958 2958 2958 2958 2958 2958 2958 2958 2958 2958 2958 2958 2958 2958 2958 2958 2958 2958 2958 2958 2958 2958 2958 2958 2958 2958 2958 2958 2958 2958 2958 2958 2958 2958 2958 2958 2958 2958 2958 2958 2958 2958 2958 2958 2958 2958 2958 2958 2958 2958 2958 2958 2958 2958 2958 2958 2958 2958 2958 2958 2958 2958 2958 2958 2958 2958 2958 2958 2958 2958 2958 2958 2958 2958 2958 2958 2958 2958 2958 2958 2958 2958 2958 2958 2958 2958 2958 2958 2958 2958 2958 2958 2958 2958 2958 2958 2958 2958 2958 2958 2958 2958 2958 2958 2958 2958 2958 2958 2958 2958 2958 2958 2958 2958 2958 2958 2958 2958 2958 2958 2958 2958 2958 2958 2958 2958 2958 2958 2958 2958 2958 2958 2958 2958 2958 2958 2958 2958 2958 2958 2958 2958 2958 2958 2958 2958 2958 2958 2958 2958 2958 2958 2958 2958 2958 2958 2958 2958 2958 2958 2958 2958 2958 2958 2958 2958 2958 2958 2958 2958 2958 2958 2958 2958 2958 2958 2958 2958 2958 2958 2958 2958 2958 2958 2958 2958 2958 2958 2958 2958 2958 2958 2958 2958 2958 2958 2958 2958 2958 2958 2958 2958 2958 2958 2958 2958 2958 2958 2958 2958 2958 2958 2958 2958 2958 2958 2958 2958 2958 2958 2958 2958 2958 2958 2958 2958 2958 2958 2958 2958 2958 2958 2958 2958 2958 2958 2958 2958 2958 2958 2958 2958 2958 2958 2958 2958 2958 2958 2958 2958 2958 2958 2958 2958 2958 2958 2958 2958 2958 2958 2958 2958 2958 2958 2958 2958 2958 2958 2958 2958 2958 2958 2958 2958 2958 2958 2958 2958 2958 2958 2958 2958 2958 2958 2958 2958 2958 2958 2958 2958 2958 2958 2958 2958 2958 2958 2958 2958 2958 2958 2958 2958 2958 2958 2958 2958 2958 2958 2958 2958 2958 2958 2958 2958 2958 2958 2958 2958 2958 2958 2958 2958 2958 2958 2958 2958 2958 2958 2958 2958 2958 2958 2958 2958 2958 2958 2958 2958 2958 2958 2958 2958 2958 2958 2958 2958 2958 2958 2958 2958 2958 2958 2958 2958 2958 2958 2958 2958 2958 2958 2958 2958 2958 2958 2958 2958 2958 2958 2958 2958 2958 2958 2958 2958 2958 2958 2958 2958 2958 2958 2958 2958 2958 2958 2958 2958 2958 2958 2958 2958 2958 2958 2958 2958 2958 2958 2958 2958 2958 2958 2958 2958 2958 2958 2958 2958 2958 2958 2958 2958 2958 2958 2958 2958 2958 2958 2958 2958 2958 2958 2958 2958 2958 2958 2958 2958 2958 2958 2958 2958 2958 2958 2958 2958 2958 2958 2958 2958 2958 2958 2958 2958 2958 2958 2958 2958 2958 2958 2958 2958 2958 2958 2958 2958 2958 2958 2958 2958 2958 2958 2958 2958 2958 2958 2958 2958 2958 2958 2958 2958 2958 2958 2958 2958 2958 2958 2958 2958 2958 2958 2958 2958 2958 2958 2958 2958 2958 2958 2958 2958 2958 2958 2958 2958 2958 2958 2958 2958 2958 2958 2958 2958 2958 2958 2958 2958 2958 2958 2958 2958 2958 2958 2958 2958 2958 2958 2958 2958 2958 2958 2958 2958 2958 2958 2958 2958 2958 2958 2958 2958 2958 2958 2958 2958 2958 2958 2958 2958 2958 2958 2958 2958 2958 2958 2958 2958 2958 2958 2958 2958 2958 2958 2958 2958 2958 2958 2958 2958 2958 2958 2958 2958 2958 2958 2958 2958 2958 2958 2958 2958 2958 2958 2958 2958 2958 2958 2958 2958 2958 2958 2958 2958 2958 2958 2958 2958 2958 2958 2958 2958 2958 2958 2958 2958 2958 2958 2958 2958 2958 2958 2958 2958 2958 2958 2958 2958 2958 2958 2958 2958 2958 2958 2958 2958 2958 2958 2958 2958 2958 2958 2958 2958 2958 2958 2958 2958 2958 2958 2958 2958 2958 2958 2958 2958 2958 2958 2958 2958 2958 2958 2958 2958 2958 2958 2958 2958 2958 2958 2958 2958 2958 2958 2958 2958 2958 2958 2958 2958 2958 2958 2958 2958 2958 2958 2958 2958 2958 2958 2958 2958 2958 2958 2958 2958 2958 2958 2958 2958 2958 2958 2958 2958 2958 2958 2958 2958 2958 2958 2958 2958 2958 2958 2958 2958 2958 2958 2958 2958 2958 2958 2958 2958 2958 2958 2958 2958 2958 2958 2958 2958 2958 2958 2958 2958 2958 2958 2958 2958 2958 2958 2958 2958 2958 2958 2958 2958 2958 2958 2958 2958 2958 2958 2958 2958 2958 2958 2958 2958 2958 2958 2958 2958 2958 2958 2958 2958 2958 2958 2958 2958 2958 2958 2958 2958 2958 2958 2958 2958 2958 2958 2958 2958 2958 2958 2958 2958 2958 2958 2958 2958 2958 2958 2958 2958 2958 2958 2958 2958 2958 2958 2958 2958 2958 2958 2958 2958 2958 2958 2958 2958 2958 2958 2958 2958 2958 2958 2958 2958 2958 2958 2958 2958 2958 2958 2958 2958 2958 2958 2958 2958 2958 2958 2958 2958 2958 2958 2958 2958 2958 2958 2958 2958 2958 2958 2958 2958 2958 2958 2958 2958 2958 2958 2958 2958 2958 2958 2958 2958 2958 2958 2958 2958 2958 2958 2958 2958 2958 2958 2958 2958 2958 2958 2958 2958 2958 2958 2958 2958 2958 2958 2958 2958 2958 2958 2958 2958 2958 2958 2958 2958 2958 2958 2958 2958 2958 2958 2958 2958 2958 2958 2958 2958 2958 2958 2958 2958 2958 2958 2958 2958 2958 2958 2958 2958 2958 2958 2958 2958 2958 2958 2958 2958 2958 2958 2958 2958 2958 2958 2958 2958 2958 2958 2958 2958 2958 2958 2958 2958 2958 2958 2958 2958 2958 2958 2958 2958 2958 2958 2958 2958 2958 2958 2958 2958 2958 2958 2958 2958 2958 2958 2958 2958 2958 2958 2958 2958 2958 2958 2958 2958 2958 2958 2958 2958 2958 2958 2958 2958 2958 2958 2958 2958 2958 2958 2958 2958 2958 2958 2958 2958 2958 2958 2958 2958 2958 2958 2958 2958 2958 2958 2958 2958 2958 2958 2958 2958 2958 2958 2958 2958 2958 2958 2958 2958 2958 2958 2958 2958 2958 2958 2958 2958 2958 2958 2958 2958 2958 2958 2958 2958 2958 2958 2958 2958 2958 2958 2958 2958 2958 2958 2958 2958 2958 2958 2958 2958 2958 2958 2958 2958 2958 2958 2958 2958 2958 2958 2958 2958 2958 2958 2958 2958 2958 2958 2958 2958 2958 2958 2958 2958 2958 2958 2958 2958 2958 2958 2958 2958 2958 2958 2958 2958 2958 2958 2958 2958 2958 2958 2958 2958 2958 2958 2958 2958 2958 2958 2958 2958 2958 2958 2958 2958 2958 2958 2958 2958 2958 2958 2958 2958 2958 2958 2958 2958 2958 2958 2958 2958 2958 2958 2958 2958 2958 2958 2958 2958 2958 2958 2958 2958 2958 2958 2958 2958 2958 2958 2958 2958 2958 2958 2958 2958 2958 2958 2958 2958 2958 2958 2958 2958 2958 2958 2958 2958 2958 2958 2958 2958 2958 2958 2958 2958 2958 2958 2958 2958 2958 2958 2958 2958 2958 2958 2958 2958 2958 2958 2958 2958 2958 2958 2958 2958 2958 2958 2958 2958 2958 2958 2958 2958 2958 2958 2958 2958 2958 2958 2958 2958 2958 2958 2958 2958 2958 2958 2958 2958 2958 2958 2958 2958 2958 2958 2958 2958 2958 2958 2958 2958 2958 2958 2958 2958 2958 2958 2958 2958 2958 2958 2958 2958 2958 2958 2958 2958 2958 2958 2958 2958 2958 2958 2958 2958 2958 2958 2958 2958 2958 2958 2958 2958 2958 2958 2958 2958 2958 2958 2958 2958 2958 2958 2958 2958 2958 2958 2958 2958 2958 2958 2958 2958 2958 2958 2958 2958 2958 2958 2958 2958 2958 2958 2958 2958 2958 2958 2958 2958 2958 2958 2958 2958 2958 2958 2958 2958 2958 2958 2958 2958 2958 2958 2958 2958 2958 2958 2958 2958 2958 2958 2958 2958 2958 2958 2958 2958 2958 2958 2958 2958 2958 2958 2958 2958 2958 2958 2958 2958 2958 2958 2958 2958 2958 2958 2958 2958 2958 2958 2958 2958 2958 2958 2958 2958 2958 2958 2958 2958 2958 2958 2958 2958 2958 2958 2958 2958 2958 2958 2958 2958 2958 2958 2958 2958 2958 2958 2958 2958 2958 2958 2958 2958 2958 2958 2958 2958 2958 2958 2958 2958 2958 2958 2958 2958 2958 2958 2958 2958 2958 2958 2958 2958 2958 2958 2958 2958 2958 2958 2958 2958 2958 2958 2958 2958 2958 2958 2958 2958 2958 2958 2958 2958 2958 2958 2958 2958 2958 2958 2958 2958 2958 2958 2958 2958 2958 2958 2958 2958 2958 2958 2958 2958 2958 2958 2958 2958 2958 2958 2958 2958 2958 2958 2958 2958 2958 2958 2958 2958 2958 2958 2958 2958 2958 2958 2958 2958 2958 2958 2958 2958 2958 2958 2958 2958 2958 2958 2958 2958 2958 2958 2958 2958 2958 2958 2958 2958 2958 2958 2958 2958 2958 2958 2958 2958 2958 2958 2958 2958 2958 2958 2958 2958 2958 2958 2958 2958 2958 2958 2958 2958 2958 2958 2958 2958 2958 2958 2958 2958 2958 2958 2958 2958 2958 2958 2958 2958 2958 2958 2958 2958 2958 2958 2958 2958 2958 2958 2958 2958 2958 2958 2958 2958 2958 2958 2958 2958 2958 2958 2958 2958 2958 2958 2958 2958 2958 2958 2958 2958 2958 2958 2958 2958 2958 2958 2958 2958 2958 2958 2958 2958 2958 2958 bytes
[Exif IFD0 - 0x011a] X Resolution = 72 dots per inch
[Exif IFD0 - 0x011b] Y Resolution = 72 dots per inch
[Exif IFD0 - 0x011c] Planar Configuration = Chunky (contiguous for each subsampling pixel)
[Exif IFD0 - 0x0128] Resolution Unit = Inch
[Exif IFD0 - 0x0131] Software = VICAR Program VTIFF
[Exif IFD0 - 0x0132] Date/Time = 1996:11:21 15:59:03
[Exif IFD0 - 0x0153] Sample Format = Signed
[Exif IFD0 - 0x830e] Pixel Scale = 30 30 0
[Exif IFD0 - 0x8482] Model Tie Point = 0 0 0 532950.13 4205669.82 0
[Exif IFD0 - 0x87af] GeoTIFF Geo Keys = [24 values]

[GeoTIFF - 0x0400] Model Type = Projected
[GeoTIFF - 0x0401] Raster Type = PixelIsPoint
[GeoTIFF - 0x0402] Citation = GeoTIFF 1.0
[GeoTIFF - 0x0c00] Projected Coordinate System Type = NAD27 UTM zone 10N
[GeoTIFF - 0x0c01] Projected Coordinate System Citation = UTM Zone 10/NAD 27

[File Type - 0x0001] Detected File Type Name = TIFF
[File Type - 0x0002] Detected File Type Long Name = Tagged Image File Format
[File Type - 0x0003] Detected MIME Type = image/tiff
[File Type - 0x0004] Expected File Name Extension = tiff

[File - 0x0001] File Name = m30dem.tif
[File - 0x0002] File Size = 5526132 bytes
[File - 0x0003] File Modified Date = <omitted for regression testing as checkout dependent>

- Exif IFD0
    - GeoTIFF
- File Type
- File

Generated using metadata-extractor
https://drewnoakes.com/code/exif/
