FILE: o41078a6.tif
TYPE: TIFF

[Exif IFD0 - 0x00fe] New Subfile Type = Full-resolution image
[Exif IFD0 - 0x0100] Image Width = 4984 pixels
[Exif IFD0 - 0x0101] Image Height = 6757 pixels
[Exif IFD0 - 0x0102] Bits Per Sample = 8 bits/component/pixel
[Exif IFD0 - 0x0103] Compression = PackBits
[Exif IFD0 - 0x0106] Photometric Interpretation = RGB Palette
[Exif IFD0 - 0x0111] Strip Offsets = [6757 values]
[Exif IFD0 - 0x0115] Samples Per Pixel = 1 samples/pixel
[Exif IFD0 - 0x0116] Rows Per Strip = 1 rows/strip
[Exif IFD0 - 0x0117] Strip Byte Counts = 78 78 78 78 78 78 78 78 78 78 78 78 78 78 78 78 78 78 78 78 78 82 78 78 78 78 78 78 78 78 78 78 78 78 78 78 78 78 78 78 78 78 78 78 78 78 78 78 78 78 78 78 78 78 78 78 78 78 78 78 78 78 78 78 78 78 78 78 78 78 78 83 87 88 89 97 107 114 134 139 159 164 184 206 199 213 224 230 246 255 288 308 290 306 302 282 278 270 277 287 289 311 298 294 275 281 263 253 245 229 215 205 209 181 190 161 168 170 155 124 103 103 103 104 105 110 106 94 109 106 118 128 159 162 158 174 184 189 189 203 223 213 227 251 262 283 286 321 306 313 337 314 319 308 300 269 274 261 246 212 212 187 192 165 169 184 173 144 168 147 198 221 201 215 247 239 243 244 252 278 312 328 323 312 353 379 360 391 399 408 398 414 392 410 433 385 387 336 330 343 315 287 262 241 229 221 210 183 189 158 149 135 139 143 133 165 215 229 258 287 267 280 281 256 279 330 325 324 304 304 342 326 339 362 362 343 339 343 324 333 349 377 384 374 358 335 367 352 326 322 288 309 278 254 249 226 246 259 281 252 306 285 246 247 247 292 277 313 322 365 418 467 461 457 463 458 491 477 487 526 524 544 561 573 554 550 568 590 623 642 653 690 751 778 822 794 795 784 804 806 897 889 938 897 936 944 959 901 834 826 801 779 745 754 691 680 661 633 554 604 652 728 781 787 817 776 770 744 764 801 829 821 828 835 830 793 780 739 744 771 730 720 670 700 694 739 744 752 794 811 854 804 762 786 807 826 840 828 814 760 725 708 758 861 874 884 911 939 912 935 947 1000 970 1007 973 994 978 972 958 955 926 975 973 979 989 999 961 929 957 974 917 883 898 849 841 854 888 844 854 846 868 905 872 886 906 918 954 951 945 924 900 863 845 866 881 881 859 811 832 797 827 773 740 738 734 717 747 726 718 679 694 699 762 789 805 751 764 771 810 812 830 928 931 865 899 925 994 865 861 875 880 898 857 873 852 844 871 869 863 898 908 864 811 825 852 891 882 887 893 888 894 903 933 907 908 864 907 868 887 901 877 847 863 846 907 810 835 860 848 837 866 841 872 824 885 878 877 901 917 935 898 936 875 837 817 845 809 827 846 874 847 827 804 818 806 824 830 813 828 829 799 785 778 808 835 851 847 844 842 852 838 831 872 848 884 852 863 859 870 860 856 883 890 868 857 924 914 895 875 921 910 948 904 911 908 929 918 904 923 956 960 983 960 933 944 981 988 957 989 954 923 913 915 899 903 936 1030 1026 1042 1060 1045 1043 1041 1098 1073 1037 1024 1027 1017 1048 1045 1052 998 940 888 884 851 878 901 894 915 912 916 842 825 818 824 833 879 871 872 859 892 870 908 898 897 902 882 916 908 864 851 853 899 849 848 857 877 907 872 854 857 871 866 835 834 836 811 848 828 858 889 903 907 901 919 931 908 888 891 907 883 909 862 852 864 872 909 934 882 880 903 865 849 823 846 829 821 849 821 800 870 875 851 823 792 768 809 787 799 778 808 816 743 778 791 829 809 817 814 804 784 738 764 739 740 759 773 785 767 809 819 850 845 872 868 880 896 841 839 832 835 826 791 770 784 758 769 768 776 747 752 787 788 798 814 807 815 811 806 837 787 824 824 788 828 882 928 924 896 946 927 946 966 914 942 927 943 939 877 916 934 944 895 899 924 939 842 854 857 840 777 760 800 814 848 822 849 852 881 869 863 868 850 874 914 888 916 882 886 920 925 893 931 957 941 926 935 938 969 949 974 995 1002 978 984 1031 1029 1020 1021 1005 985 1006 999 964 999 947 919 876 927 917 954 977 934 970 989 966 932 981 979 1013 970 967 950 957 980 961 964 950 937 933 903 907 899 918 907 919 918 911 902 893 886 891 902 878 874 893 853 861 870 863 849 873 904 896 899 904 833 829 868 872 879 853 878 901 914 939 933 941 927 977 947 984 1004 990 974 970 979 984 929 952 920 911 868 863 878 898 892 908 913 917 918 934 926 926 988 968 985 942 934 928 921 926 929 895 924 957 943 942 940 941 1002 1006 997 944 988 1003 956 979 983 981 970 924 950 939 927 912 911 916 890 865 860 827 852 798 810 788 866 820 823 838 836 870 885 863 871 898 825 840 842 792 811 806 811 811 774 794 806 807 847 888 864 890 877 857 809 838 818 822 825 839 818 814 815 783 806 817 830 849 817 815 797 815 831 830 819 854 825 827 800 854 869 871 884 885 857 867 856 876 873 881 871 879 861 855 870 891 927 940 920 930 885 877 892 880 846 860 850 849 851 882 870 875 884 881 886 888 877 889 902 874 857 870 870 848 895 932 972 977 952 891 875 862 853 909 934 908 922 887 908 919 931 896 906 934 992 1007 987 934 899 873 866 836 881 890 891 872 860 852 870 874 818 853 841 809 794 818 823 811 822 829 852 853 865 861 852 874 893 841 837 806 818 848 851 839 860 812 819 833 841 844 791 793 780 817 805 790 806 827 816 819 828 796 784 786 804 817 798 838 844 869 861 867 877 850 884 857 824 843 867 821 852 863 858 860 871 827 896 879 912 882 900 846 837 866 872 901 918 897 915 936 927 935 933 948 945 954 962 959 934 932 933 917 882 880 887 886 836 861 834 843 849 847 871 869 876 882 849 875 861 822 888 848 868 853 838 905 902 941 882 886 884 870 851 869 869 883 869 872 823 870 859 870 908 909 903 881 863 865 873 891 873 879 904 914 890 884 879 889 881 883 853 872 884 905 938 909 910 919 931 934 928 903 898 861 885 878 873 871 904 948 959 968 986 1025 1005 950 965 960 957 987 976 946 977 944 933 940 923 900 905 913 941 965 967 956 948 938 909 887 902 931 925 937 978 962 932 956 955 925 907 876 900 877 851 864 843 899 896 918 889 861 879 876 920 915 920 992 944 881 940 925 942 920 875 900 924 888 889 951 959 952 1001 1006 977 968 958 978 1000 972 977 957 939 931 915 919 963 1013 983 972 965 999 988 982 927 967 936 953 971 976 975 999 960 990 1033 1026 1036 985 1008 992 1007 1040 1006 1039 995 1004 952 950 946 976 970 929 939 928 968 984 961 998 1023 1030 1020 982 964 966 970 980 1000 984 1001 1035 1047 1033 1012 1004 1026 1015 995 1016 1000 995 1048 1016 1009 988 1014 1023 1031 1009 1057 1065 1066 1036 1068 1025 1066 1059 1037 1039 1099 1058 1065 1061 1064 1029 1055 1024 1054 1022 1061 1013 1051 1061 1042 1057 1047 1058 1016 1001 992 986 963 988 1013 1058 1007 980 1005 1028 1047 1055 1062 1085 1082 1074 1049 1046 1033 1022 1042 1082 1043 1052 1056 1083 1074 1127 1149 1150 1119 1114 1119 1106 1113 1091 1089 1069 1054 1069 1070 1060 1059 1056 1079 1072 1131 1052 1024 1042 1077 1049 1053 1040 1049 1015 1053 1034 1012 1037 1016 993 1039 1010 1018 1041 1016 1041 1069 1013 1056 1022 1072 1075 1032 1053 1016 1063 1099 1130 1074 1092 1067 1070 1089 1133 1139 1117 1122 1115 1131 1125 1122 1087 1086 1081 1050 1082 1107 1102 1024 993 1045 992 992 978 955 971 1042 1023 1031 1030 990 965 956 1004 1005 998 968 950 901 928 916 929 946 995 955 933 964 930 956 968 984 974 976 931 943 932 944 952 937 885 920 966 957 978 992 984 994 993 1000 1022 1003 985 986 945 920 951 941 912 941 964 938 949 953 973 962 981 988 1027 1020 1030 1036 1012 995 989 966 1014 985 1010 1012 1026 1046 974 967 957 931 959 978 1030 1020 1032 1029 1027 1031 1058 1056 1057 1036 1068 1081 1081 1092 1095 1119 1160 1146 1153 1100 1092 1142 1126 1153 1173 1139 1167 1184 1161 1161 1164 1138 1208 1198 1178 1168 1150 1194 1154 1134 1143 1135 1094 1122 1049 1085 1086 1059 1094 1119 1108 1146 1106 1136 1167 1202 1232 1208 1208 1220 1226 1261 1282 1288 1278 1241 1216 1196 1176 1165 1150 1155 1132 1156 1190 1162 1147 1194 1193 1146 1139 1148 1194 1183 1219 1228 1204 1252 1265 1240 1287 1264 1191 1207 1209 1211 1204 1250 1236 1238 1229 1238 1261 1215 1237 1241 1196 1198 1178 1197 1193 1231 1283 1286 1251 1224 1270 1282 1315 1274 1241 1247 1217 1194 1207 1154 1189 1222 1243 1262 1229 1208 1207 1248 1248 1252 1293 1300 1304 1292 1291 1244 1265 1317 1298 1284 1262 1263 1295 1311 1287 1242 1247 1275 1265 1297 1312 1356 1367 1353 1385 1363 1317 1301 1286 1317 1303 1313 1290 1285 1306 1339 1324 1351 1344 1363 1384 1367 1353 1339 1300 1260 1304 1323 1330 1328 1320 1325 1310 1312 1295 1265 1276 1316 1296 1331 1354 1333 1282 1287 1332 1296 1299 1307 1285 1282 1272 1228 1234 1239 1232 1235 1288 1264 1252 1247 1266 1265 1265 1255 1259 1231 1247 1228 1260 1221 1225 1231 1213 1195 1204 1177 1204 1248 1204 1214 1196 1245 1196 1196 1167 1127 1090 1153 1191 1171 1159 1183 1179 1206 1206 1227 1171 1215 1214 1268 1264 1242 1197 1148 1154 1190 1170 1170 1167 1183 1196 1184 1216 1196 1199 1205 1182 1192 1221 1173 1183 1179 1169 1183 1145 1127 1142 1109 1143 1095 1154 1109 1125 1118 1146 1155 1140 1212 1145 1082 1110 1106 1135 1154 1185 1155 1180 1109 1172 1136 1148 1165 1184 1197 1177 1173 1123 1153 1205 1146 1141 1147 1202 1167 1174 1169 1147 1188 1160 1110 1052 1105 1115 1101 1106 1139 1141 1177 1184 1195 1189 1212 1209 1150 1179 1166 1169 1173 1174 1173 1213 1186 1238 1226 1204 1207 1212 1237 1250 1238 1183 1175 1241 1233 1216 1205 1184 1228 1222 1177 1196 1171 1159 1149 1148 1152 1144 1156 1127 1142 1140 1139 1133 1130 1176 1174 1156 1116 1105 1160 1159 1204 1234 1241 1256 1277 1308 1305 1334 1329 1270 1220 1264 1258 1237 1218 1241 1245 1267 1273 1295 1291 1303 1294 1293 1314 1306 1238 1240 1322 1293 1336 1304 1326 1314 1327 1359 1370 1354 1353 1336 1337 1322 1305 1271 1282 1233 1260 1280 1329 1313 1346 1304 1369 1323 1346 1327 1336 1276 1276 1298 1285 1328 1310 1338 1353 1364 1343 1335 1307 1312 1331 1280 1259 1292 1244 1214 1254 1235 1233 1216 1198 1212 1216 1234 1241 1218 1208 1184 1198 1183 1131 1132 1147 1164 1197 1217 1242 1242 1259 1186 1190 1198 1199 1182 1195 1210 1229 1259 1228 1227 1209 1246 1228 1235 1227 1244 1249 1181 1131 1088 1136 1154 1168 1158 1178 1197 1209 1261 1233 1239 1237 1221 1215 1207 1184 1205 1145 1193 1196 1231 1169 1213 1199 1252 1278 1309 1287 1283 1282 1266 1300 1297 1292 1271 1283 1265 1278 1285 1268 1266 1257 1260 1267 1208 1235 1239 1226 1241 1233 1235 1234 1243 1243 1243 1222 1259 1293 1312 1293 1255 1286 1330 1350 1353 1301 1319 1329 1365 1346 1307 1292 1304 1325 1351 1331 1340 1383 1362 1335 1331 1297 1258 1328 1372 1338 1324 1315 1340 1368 1335 1360 1377 1347 1339 1320 1318 1275 1268 1260 1257 1263 1271 1263 1264 1275 1237 1223 1274 1229 1231 1196 1212 1214 1194 1224 1241 1197 1249 1290 1258 1302 1275 1215 1246 1234 1277 1256 1252 1285 1277 1288 1313 1328 1312 1290 1283 1283 1273 1301 1302 1247 1267 1294 1318 1334 1354 1333 1324 1315 1302 1307 1315 1291 1292 1317 1323 1321 1406 1372 1371 1407 1447 1445 1394 1348 1309 1325 1341 1345 1395 1388 1378 1367 1373 1367 1368 1358 1394 1356 1362 1331 1352 1348 1362 1407 1386 1366 1381 1333 1343 1366 1357 1367 1421 1429 1426 1452 1456 1420 1398 1413 1420 1363 1384 1404 1369 1384 1404 1419 1392 1432 1354 1368 1327 1355 1301 1327 1324 1335 1362 1268 1342 1360 1397 1373 1392 1410 1417 1386 1442 1418 1430 1447 1392 1464 1405 1420 1385 1381 1424 1408 1423 1395 1338 1332 1352 1342 1376 1356 1372 1365 1361 1406 1389 1409 1349 1422 1379 1339 1330 1342 1326 1328 1311 1340 1343 1357 1359 1323 1372 1393 1476 1442 1382 1397 1342 1419 1428 1447 1427 1376 1395 1403 1379 1395 1391 1400 1388 1398 1315 1324 1318 1354 1326 1354 1361 1357 1344 1386 1368 1383 1424 1415 1389 1383 1350 1369 1388 1380 1372 1332 1348 1343 1352 1386 1438 1370 1360 1329 1325 1377 1368 1351 1405 1439 1447 1382 1365 1397 1403 1368 1348 1371 1390 1336 1303 1357 1348 1383 1383 1342 1411 1418 1390 1410 1476 1397 1432 1355 1348 1350 1392 1413 1382 1415 1466 1441 1361 1322 1337 1366 1410 1466 1456 1433 1461 1406 1364 1365 1340 1343 1383 1383 1397 1390 1427 1401 1397 1367 1359 1381 1379 1463 1421 1374 1374 1403 1379 1385 1382 1415 1450 1453 1452 1415 1460 1394 1373 1327 1406 1401 1295 1385 1344 1388 1399 1379 1355 1369 1377 1370 1362 1313 1299 1278 1312 1335 1356 1319 1361 1364 1359 1317 1312 1355 1426 1417 1398 1344 1306 1389 1342 1314 1251 1233 1230 1290 1280 1235 1227 1261 1274 1292 1305 1272 1279 1292 1272 1244 1235 1199 1190 1185 1183 1199 1195 1218 1209 1205 1192 1231 1246 1239 1243 1214 1236 1180 1156 1132 1150 1157 1142 1080 1123 1143 1154 1157 1177 1123 1143 1164 1165 1216 1248 1242 1214 1215 1262 1238 1209 1220 1206 1246 1255 1214 1228 1223 1197 1191 1207 1249 1239 1264 1291 1240 1262 1252 1231 1247 1304 1308 1308 1317 1254 1257 1265 1243 1245 1255 1279 1260 1246 1196 1233 1277 1301 1263 1281 1277 1281 1254 1245 1238 1258 1271 1253 1249 1253 1264 1258 1233 1235 1260 1210 1239 1219 1226 1274 1286 1281 1319 1313 1265 1320 1304 1326 1325 1317 1293 1262 1258 1272 1290 1326 1335 1294 1327 1309 1336 1352 1333 1317 1283 1295 1269 1312 1287 1402 1409 1378 1419 1384 1362 1395 1370 1400 1440 1438 1462 1436 1437 1406 1425 1377 1365 1376 1385 1369 1350 1366 1385 1412 1395 1340 1300 1288 1308 1365 1383 1359 1329 1308 1322 1347 1379 1349 1317 1298 1300 1269 1266 1289 1249 1309 1242 1262 1280 1248 1237 1182 1196 1221 1244 1221 1238 1227 1220 1197 1151 1159 1172 1153 1164 1121 1136 1178 1115 1131 1154 1135 1111 1088 1124 1098 1113 1124 1139 1118 1125 1105 1093 1095 1129 1110 1083 1074 1076 1084 1085 1123 1131 1103 1096 1050 1076 1095 1074 1088 1063 1058 1049 1063 1063 1069 1094 1102 1096 1128 1134 1174 1168 1158 1182 1123 1136 1158 1143 1092 1124 1166 1146 1092 1080 1111 1060 1027 1053 1053 1082 1081 1086 1050 1071 1074 1041 1053 1027 1028 1033 1099 1072 1094 1096 1047 1055 1078 1066 1063 1018 1006 1039 1004 1002 990 982 988 1002 1025 1032 1033 1076 1078 1115 1069 1078 1126 1066 1046 1018 1023 982 1008 1050 993 1029 986 1018 1043 1001 1003 1007 1030 1027 1032 1019 1034 1034 978 1002 1005 1011 986 1014 977 990 994 998 1010 1014 1040 1046 1047 1012 1068 1114 1052 1048 1035 1022 1002 1029 1061 1051 1059 1045 1090 1112 1087 1136 1119 1113 1132 1137 1089 1070 1115 1104 1079 1035 1039 1058 1033 1057 986 1027 1033 1055 996 961 973 981 941 949 939 939 936 943 964 921 905 910 880 856 874 869 855 880 880 906 877 882 896 923 933 978 953 959 963 942 910 915 904 937 922 910 943 955 924 954 959 990 975 1012 1038 1017 1021 1015 977 1041 1023 1011 1005 1042 1022 1061 1082 1048 1036 1094 1090 1069 1058 1106 1109 1105 1110 1056 1125 1089 1160 1127 1103 1095 1101 1158 1136 1084 1024 1050 1085 1146 1124 1095 1148 1128 1114 1080 1080 1144 1183 1171 1169 1160 1135 1139 1211 1176 1210 1267 1202 1192 1163 1163 1171 1201 1161 1192 1244 1288 1293 1275 1317 1280 1267 1260 1270 1226 1205 1201 1237 1212 1244 1224 1200 1169 1172 1176 1174 1183 1211 1208 1196 1188 1116 1117 1107 1069 1094 1085 1075 1099 1104 1078 1110 1102 1095 1098 1122 1099 1095 1089 1108 1058 1083 1102 1107 1118 1127 1121 1105 1133 1144 1141 1154 1145 1104 1109 1112 1096 1112 1115 1106 1122 1136 1101 1136 1120 1135 1140 1152 1123 1178 1210 1212 1192 1175 1190 1245 1292 1310 1299 1295 1243 1279 1269 1275 1284 1212 1254 1246 1271 1269 1225 1235 1221 1224 1259 1269 1294 1354 1377 1355 1356 1369 1370 1379 1359 1407 1404 1374 1326 1295 1295 1303 1301 1296 1297 1306 1369 1313 1266 1311 1317 1316 1334 1288 1278 1277 1244 1267 1294 1226 1306 1242 1232 1247 1241 1236 1226 1266 1255 1290 1303 1290 1299 1322 1333 1340 1305 1346 1348 1316 1329 1329 1331 1343 1373 1365 1344 1360 1327 1331 1373 1409 1401 1406 1369 1369 1359 1356 1363 1435 1372 1305 1360 1347 1421 1394 1403 1419 1389 1398 1379 1309 1383 1387 1411 1380 1367 1420 1376 1417 1430 1429 1370 1399 1390 1428 1408 1435 1434 1489 1422 1427 1414 1394 1418 1460 1392 1410 1445 1428 1423 1416 1433 1456 1409 1427 1461 1455 1438 1431 1470 1426 1517 1485 1494 1465 1480 1472 1437 1430 1460 1442 1470 1458 1460 1424 1441 1446 1477 1504 1481 1466 1460 1389 1396 1385 1422 1440 1392 1440 1488 1466 1456 1501 1468 1472 1471 1449 1436 1426 1436 1465 1452 1485 1493 1468 1447 1436 1367 1423 1346 1434 1466 1487 1438 1416 1413 1387 1381 1356 1336 1339 1389 1459 1466 1446 1410 1491 1474 1453 1445 1463 1476 1531 1494 1509 1530 1480 1501 1479 1528 1507 1530 1511 1556 1595 1524 1524 1560 1580 1520 1605 1625 1624 1676 1634 1491 1497 1490 1442 1450 1470 1518 1509 1573 1549 1488 1467 1475 1466 1469 1494 1438 1375 1352 1410 1393 1386 1390 1387 1386 1375 1361 1397 1384 1419 1406 1386 1423 1413 1394 1434 1407 1412 1405 1397 1439 1421 1407 1377 1348 1348 1375 1382 1377 1349 1338 1363 1367 1300 1335 1334 1354 1309 1274 1232 1200 1227 1203 1213 1232 1255 1277 1264 1226 1226 1196 1244 1235 1260 1217 1230 1223 1254 1248 1274 1270 1246 1183 1200 1174 1137 1120 1109 1164 1116 1103 1100 1105 1133 1143 1193 1180 1154 1160 1138 1161 1159 1150 1179 1186 1226 1216 1150 1175 1148 1162 1075 1136 1082 1104 1083 1067 1082 1094 1113 1143 1138 1170 1180 1177 1162 1188 1235 1216 1205 1191 1198 1183 1277 1249 1262 1254 1241 1256 1279 1265 1243 1238 1236 1308 1265 1205 1248 1290 1282 1249 1291 1262 1239 1192 1165 1221 1217 1183 1182 1122 1151 1195 1222 1232 1214 1195 1246 1249 1276 1259 1189 1238 1251 1230 1194 1204 1222 1229 1272 1240 1265 1214 1236 1220 1237 1242 1225 1260 1193 1238 1216 1225 1251 1290 1279 1279 1255 1260 1243 1276 1264 1308 1315 1331 1370 1317 1269 1294 1276 1282 1274 1295 1284 1273 1253 1270 1286 1325 1281 1262 1268 1297 1325 1364 1329 1341 1348 1330 1321 1277 1286 1295 1330 1320 1323 1243 1295 1265 1313 1225 1289 1292 1317 1320 1282 1272 1253 1229 1244 1269 1286 1257 1243 1250 1297 1296 1253 1254 1239 1252 1277 1279 1243 1221 1220 1241 1241 1248 1192 1192 1222 1214 1261 1235 1264 1196 1206 1176 1135 1131 1142 1150 1191 1195 1152 1148 1117 1142 1200 1196 1253 1188 1185 1161 1139 1110 1140 1127 1126 1126 1195 1180 1125 1128 1108 1159 1207 1218 1185 1202 1231 1236 1179 1184 1185 1133 1093 1132 1170 1133 1112 1103 1144 1116 1130 1131 1144 1154 1183 1108 1091 1073 1052 1067 1063 1091 1084 1140 1117 1107 1078 1076 1095 1089 1064 1041 1058 1017 1029 1040 1028 1048 1081 1032 1084 1073 1059 1042 1023 1070 1066 1023 1044 1073 1067 1003 1023 1013 1065 1054 1085 1108 1078 1074 1103 1024 999 993 959 987 993 1023 1031 1038 1038 1028 1060 1016 1061 1080 1066 1039 1013 1003 1016 1065 1069 1036 1018 1036 1065 1098 1087 1079 1048 1108 1057 1120 1141 1144 1198 1245 1260 1287 1327 1271 1226 1226 1242 1272 1272 1258 1293 1266 1245 1289 1322 1262 1282 1292 1281 1233 1205 1266 1251 1255 1216 1240 1269 1206 1196 1177 1185 1183 1157 1187 1210 1166 1177 1156 1192 1217 1222 1175 1132 1059 1087 1131 1074 1064 1054 1049 1033 1044 1085 1075 1088 1086 1085 1063 1007 1051 1056 1081 1096 1095 1077 1110 1105 1111 1081 1104 1116 1182 1199 1135 1168 1143 1149 1146 1177 1199 1134 1155 1173 1136 1095 1063 1099 1118 1055 1048 1061 1072 1065 1082 1073 1097 1066 1051 1048 1061 1045 1028 989 1023 1008 1049 1072 1070 1087 1056 1103 1115 1101 1067 1046 1016 1053 1042 1069 1042 1084 1013 1062 1020 1023 1040 1053 1059 1090 1078 1111 1099 1139 1161 1154 1154 1158 1176 1213 1217 1230 1178 1257 1251 1282 1283 1275 1291 1266 1219 1227 1258 1295 1303 1309 1327 1369 1392 1389 1405 1433 1484 1470 1453 1430 1421 1440 1481 1441 1469 1417 1449 1425 1430 1470 1532 1526 1468 1461 1491 1488 1479 1460 1473 1432 1409 1467 1471 1465 1507 1515 1580 1523 1466 1482 1508 1459 1506 1504 1550 1538 1549 1511 1486 1493 1570 1484 1489 1485 1505 1514 1512 1440 1460 1493 1453 1493 1568 1528 1477 1486 1560 1525 1523 1482 1449 1490 1485 1448 1457 1472 1486 1519 1534 1480 1533 1523 1535 1529 1553 1596 1624 1606 1617 1618 1654 1643 1642 1636 1696 1624 1627 1631 1655 1641 1653 1689 1759 1727 1727 1752 1670 1697 1682 1710 1743 1737 1700 1659 1654 1660 1654 1662 1686 1721 1710 1673 1625 1631 1565 1537 1532 1559 1584 1596 1568 1545 1502 1460 1474 1474 1458 1415 1377 1373 1428 1431 1449 1490 1444 1424 1384 1412 1349 1420 1448 1416 1362 1365 1363 1377 1359 1317 1328 1229 1239 1277 1351 1340 1353 1321 1281 1312 1294 1327 1344 1318 1315 1354 1377 1386 1380 1376 1328 1389 1317 1373 1379 1392 1317 1359 1351 1345 1338 1361 1341 1415 1437 1433 1405 1360 1338 1388 1369 1377 1453 1416 1376 1379 1402 1436 1448 1479 1473 1494 1453 1440 1459 1419 1483 1421 1453 1411 1430 1399 1393 1471 1456 1518 1482 1560 1559 1516 1501 1566 1550 1546 1443 1416 1431 1458 1483 1467 1440 1546 1607 1504 1482 1537 1541 1544 1507 1533 1529 1544 1545 1515 1525 1433 1446 1484 1445 1495 1497 1444 1497 1511 1516 1488 1500 1542 1533 1538 1460 1470 1545 1552 1532 1503 1482 1486 1503 1589 1596 1652 1541 1587 1554 1632 1540 1485 1500 1560 1561 1571 1492 1527 1583 1533 1561 1574 1527 1521 1501 1625 1577 1560 1579 1507 1549 1508 1495 1447 1532 1546 1621 1539 1507 1523 1425 1472 1462 1376 1395 1389 1422 1468 1404 1417 1448 1422 1374 1418 1504 1465 1487 1525 1478 1474 1449 1436 1430 1449 1466 1532 1443 1340 1402 1465 1459 1489 1417 1437 1448 1430 1411 1441 1472 1448 1456 1396 1384 1373 1377 1410 1386 1380 1289 1343 1319 1324 1323 1323 1280 1312 1298 1305 1280 1237 1236 1210 1268 1283 1288 1297 1242 1235 1218 1239 1204 1237 1204 1326 1255 1284 1280 1279 1340 1337 1374 1339 1307 1299 1334 1387 1350 1373 1410 1388 1372 1339 1357 1277 1244 1266 1277 1288 1222 1199 1193 1136 1196 1197 1177 1184 1231 1216 1224 1192 1182 1171 1229 1227 1276 1250 1236 1246 1281 1316 1309 1265 1260 1215 1269 1268 1269 1296 1354 1287 1306 1319 1323 1369 1339 1248 1194 1201 1267 1307 1305 1275 1282 1300 1271 1282 1239 1142 1185 1208 1231 1165 1208 1230 1240 1223 1206 1203 1207 1230 1219 1223 1309 1283 1274 1234 1192 1189 1198 1188 1171 1178 1204 1161 1180 1176 1135 1134 1133 1133 1087 1096 1112 1133 1128 1148 1165 1145 1129 1119 1141 1165 1088 1080 1064 1063 1077 1091 1075 1048 1004 1050 1071 1031 1067 1057 1067 1036 1039 1059 1066 1066 1030 1050 1037 1108 1060 1035 1032 1017 1038 1029 1003 1011 998 1030 1036 1026 1022 1014 1015 1032 1027 1032 1052 1051 1042 963 993 1025 1017 1023 1031 1008 1002 1000 974 1006 993 1007 1012 1001 991 1032 1050 1049 1044 1043 958 962 1014 1001 968 977 1004 1004 1001 996 1014 1025 1030 1013 1047 1028 989 1017 1010 1031 1067 1061 1061 1012 1023 1018 1044 1057 1048 999 1056 1009 971 948 956 995 1055 1053 1079 1094 1059 1046 1013 1030 1013 995 976 991 1013 1021 1038 1009 1014 1033 1013 979 990 992 1014 986 1059 1026 1046 1029 1146 1117 1102 1104 1092 1082 1091 1049 1060 1047 1036 1078 1129 1115 1147 1091 1077 1087 1110 1106 1037 1045 1110 1076 1096 1073 1141 1200 1130 1168 1116 1130 1127 1150 1099 1173 1161 1070 1136 1167 1147 1141 1088 1095 1109 1164 1170 1204 1217 1167 1112 1124 1160 1154 1103 1095 1153 1179 1200 1215 1151 1159 1145 1136 1168 1231 1228 1246 1198 1239 1226 1199 1209 1237 1196 1243 1223 1171 1175 1246 1252 1172 1175 1218 1223 1200 1234 1194 1214 1205 1183 1195 1236 1284 1294 1232 1276 1271 1237 1282 1223 1212 1215 1193 1209 1196 1147 1183 1163 1190 1186 1212 1177 1108 1131 1136 1117 1177 1178 1123 1135 1139 1122 1143 1152 1111 1112 1128 1090 1099 1152 1135 1140 1076 1091 1088 1144 1157 1148 1136 1130 1138 1107 1115 1106 1121 1089 1073 1093 1038 1081 1085 1048 1089 1095 1038 1024 1042 1022 1021 998 964 972 1020 1014 975 940 981 982 1016 986 992 965 979 996 987 992 995 1010 1011 978 976 1054 1086 1067 1084 1088 1056 1052 997 1024 953 983 991 997 951 946 950 961 981 937 907 874 866 869 865 853 824 804 805 832 827 800 807 811 843 849 828 848 856 870 892 923 934 905 898 915 903 896 884 901 931 942 945 911 909 861 898 898 912 906 918 923 932 910 896 911 906 908 891 924 922 932 914 858 849 876 930 911 952 1010 1014 1045 1026 973 1002 1036 1047 1058 1067 1075 1059 1050 1047 1065 1086 1039 1015 992 961 981 980 1060 1064 1064 1089 1083 1074 1051 1057 1108 1142 1124 1108 1118 1101 1107 1089 1079 1110 1169 1126 1066 1065 1126 1132 1132 1111 1081 1117 1105 1148 1156 1145 1151 1149 1135 1107 1114 1109 1076 1115 1131 1176 1160 1176 1171 1212 1202 1261 1251 1252 1289 1314 1282 1307 1302 1279 1288 1279 1301 1281 1259 1255 1276 1249 1283 1323 1346 1273 1327 1320 1270 1262 1292 1304 1275 1253 1204 1239 1270 1222 1177 1153 1134 1167 1184 1145 1206 1136 1188 1182 1191 1175 1187 1172 1197 1196 1204 1168 1181 1184 1184 1181 1188 1128 1155 1163 1139 1148 1130 1152 1143 1143 1152 1173 1149 1145 1156 1143 1144 1106 1175 1168 1141 1166 1119 1137 1127 1126 1160 1168 1195 1209 1192 1162 1168 1208 1209 1149 1135 1117 1206 1226 1170 1150 1131 1155 1186 1124 1086 1068 1081 1100 1116 1070 1110 1088 1091 1076 1079 1106 1096 1060 1028 1058 1111 1122 1113 1060 1051 1060 1087 1030 1007 987 972 976 1021 1018 978 965 962 946 915 953 927 1008 959 935 948 948 993 969 968 975 982 1022 1054 972 1000 982 998 987 948 973 934 936 1006 970 975 992 1038 1017 995 1016 1061 1080 1063 1026 975 984 999 1028 998 1027 1071 1075 1074 1052 1086 1104 1105 1057 1038 1002 1049 1004 1018 1040 1016 1018 1029 1112 1133 1130 1113 1096 1085 1124 1126 1124 1076 1078 1053 1107 1092 1120 1090 1077 1092 1078 1095 1054 1076 1011 989 996 1048 1007 975 1034 1051 1035 1072 1056 1050 1039 1017 980 987 1065 1049 1097 1060 1041 998 1024 1033 1154 1172 1110 1145 1116 1113 1063 1055 1103 1062 1020 1071 1098 1140 1133 1138 1116 1088 1111 1147 1129 1133 1067 1078 1082 1071 1141 1116 1124 1091 1099 1137 1129 1114 1096 1072 1126 1152 1106 1088 1120 1089 1130 1132 1065 1119 1105 1086 1085 1114 1102 1083 1060 1033 1102 1089 1099 1116 1087 1118 1064 1094 1062 1044 1112 1106 1075 1128 1101 1098 1107 1197 1123 1116 1194 1152 1124 1096 1145 1118 1111 1059 1045 1116 1124 1076 1135 1143 1128 1112 1161 1184 1230 1221 1205 1192 1204 1168 1206 1197 1180 1178 1208 1224 1222 1186 1192 1184 1189 1197 1168 1249 1303 1248 1273 1237 1202 1182 1189 1165 1220 1251 1262 1245 1210 1278 1216 1240 1223 1198 1215 1236 1232 1212 1218 1234 1243 1251 1235 1248 1273 1196 1210 1210 1195 1189 1217 1240 1230 1176 1231 1196 1171 1172 1200 1208 1187 1152 1222 1246 1206 1208 1202 1143 1148 1190 1255 1305 1207 1201 1158 1247 1231 1200 1209 1202 1222 1199 1201 1197 1167 1176 1124 1166 1214 1176 1140 1181 1194 1161 1169 1175 1180 1145 1184 1168 1208 1234 1280 1229 1206 1245 1260 1257 1235 1222 1217 1194 1185 1175 1133 1151 1125 1190 1154 1153 1121 1140 1135 1129 1141 1138 1136 1142 1165 1126 1148 1156 1158 1133 1134 1152 1149 1110 1121 1124 1144 1144 1176 1168 1164 1109 1085 1121 1122 1129 1088 1088 1097 1086 1102 1121 1103 1111 1140 1121 1152 1154 1150 1161 1134 1197 1161 1137 1167 1151 1195 1194 1170 1193 1203 1238 1201 1225 1204 1185 1223 1158 1150 1212 1209 1217 1226 1231 1242 1256 1207 1200 1222 1185 1193 1208 1213 1187 1245 1281 1270 1227 1258 1292 1254 1254 1274 1224 1209 1214 1203 1245 1250 1239 1173 1204 1188 1213 1235 1219 1222 1216 1236 1210 1191 1236 1220 1269 1264 1254 1238 1161 1225 1186 1207 1215 1201 1265 1255 1247 1182 1203 1218 1172 1178 1199 1189 1202 1220 1188 1189 1158 1163 1204 1168 1152 1173 1110 1151 1167 1154 1171 1166 1183 1235 1217 1222 1172 1194 1150 1172 1155 1129 1116 1125 1169 1151 1179 1174 1207 1168 1237 1221 1225 1161 1153 1219 1285 1235 1256 1212 1199 1188 1201 1216 1236 1209 1227 1254 1243 1162 1178 1177 1251 1239 1247 1253 1239 1292 1374 1376 1372 1281 1281 1315 1329 1299 1227 1276 1273 1257 1222 1235 1242 1293 1228 1224 1208 1315 1330 1275 1314 1210 1243 1242 1254 1215 1234 1225 1289 1272 1228 1199 1232 1237 1250 1219 1257 1290 1281 1219 1211 1258 1252 1243 1250 1255 1288 1240 1231 1267 1297 1283 1233 1236 1174 1210 1212 1192 1207 1243 1266 1274 1280 1246 1274 1305 1314 1410 1409 1324 1324 1356 1339 1290 1296 1288 1269 1298 1334 1287 1300 1351 1372 1354 1299 1342 1328 1302 1305 1335 1352 1373 1343 1306 1348 1361 1338 1374 1377 1397 1297 1327 1309 1323 1374 1406 1447 1475 1416 1388 1369 1409 1368 1359 1333 1396 1357 1330 1418 1421 1404 1435 1420 1408 1380 1431 1420 1394 1377 1368 1361 1359 1374 1339 1362 1369 1317 1276 1245 1252 1282 1241 1267 1335 1233 1248 1258 1250 1198 1139 1137 1178 1200 1197 1205 1156 1193 1198 1181 1209 1194 1205 1210 1188 1223 1277 1298 1269 1217 1158 1197 1238 1231 1218 1280 1308 1313 1326 1264 1265 1255 1323 1330 1337 1356 1363 1303 1305 1317 1352 1378 1373 1387 1363 1385 1388 1443 1404 1392 1363 1334 1344 1315 1347 1326 1380 1406 1349 1441 1445 1485 1548 1570 1596 1552 1538 1546 1579 1581 1582 1593 1587 1519 1528 1567 1550 1588 1563 1594 1580 1583 1614 1619 1555 1526 1559 1584 1584 1583 1637 1563 1575 1540 1611 1574 1545 1578 1604 1549 1601 1598 1586 1571 1596 1569 1595 1626 1606 1559 1576 1631 1668 1656 1575 1651 1671 1675 1641 1682 1641 1630 1540 1628 1556 1576 1627 1581 1524 1535 1492 1492 1525 1484 1480 1493 1533 1494 1480 1443 1420 1466 1481 1539 1552 1532 1499 1495 1568 1556 1507 1490 1494 1546 1560 1562 1559 1567 1502 1517 1545 1478 1455 1529 1509 1489 1455 1457 1508 1452 1474 1430 1371 1350 1388 1406 1372 1392 1403 1420 1375 1364 1391 1397 1374 1371 1375 1331 1346 1389 1366 1380 1391 1352 1375 1352 1383 1337 1360 1345 1394 1361 1370 1397 1402 1365 1322 1295 1338 1394 1338 1335 1345 1359 1393 1372 1357 1369 1398 1461 1470 1397 1376 1361 1389 1362 1376 1298 1330 1335 1333 1311 1325 1383 1356 1363 1388 1345 1351 1366 1432 1392 1410 1375 1388 1408 1354 1384 1402 1422 1435 1333 1338 1297 1293 1323 1274 1243 1267 1277 1182 1189 1221 1201 1234 1254 1229 1224 1216 1330 1338 1406 1377 1447 1390 1360 1381 1462 1416 1342 1335 1248 1196 1234 1273 1277 1207 1113 1150 1085 1092 1114 1058 1032 1024 1024 985 987 938 857 838 805 806 811 766 812 835 799 774 767 734 716 753 732 738 725 710 692 676 695 671 621 621 615 618 617 569 564 582 589 573 561 557 535 521 481 457 479 468 509 530 509 514 517 533 504 516 523 533 512 515 489 453 431 426 417 357 352 309 251 251 277 238 222 231 273 263 274 298 298 299 288 306 305 266 232 237 232 239 278 293 302 299 328 338 415 417 416 409 438 413 431 404 383 393 368 371 355 397 352 356 335 332 328 279 240 253 217 215 234 221 259 261 264 260 288 317 369 366 407 448 461 507 572 573 554 578 582 636 604 583 575 583 638 632 598 480 516 546 532 494 465 488 535 528 429 396 357 340 323 282 308 290 295 301 322 326 303 316 328 336 359 367 368 393 393 385 374 408 443 439 436 431 427 493 471 475 501 512 516 550 540 529 556 505 447 433 458 449 460 495 507 454 414 407 396 353 337 363 318 347 327 335 291 281 260 227 215 218 262 270 275 282 287 279 225 225 236 255 220 239 248 274 338 338 407 324 314 301 293 316 383 426 410 413 468 499 477 463 468 467 462 449 400 383 373 364 327 318 324 337 334 331 288 301 302 313 308 322 340 344 401 407 402 467 464 486 470 505 507 531 544 582 579 563 542 566 534 529 514 481 456 396 349 322 331 312 288 254 232 180 171 155 125 104 96 108 112 130 164 170 193 206 216 278 303 363 395 434 470 524 531 546 544 554 550 560 562 564 579 544 515 502 455 423 402 383 392 336 316 255 242 230 219 191 179 158 150 153 145 139 135 160 206 223 254 287 313 339 350 365 392 410 434 429 406 399 371 362 320 306 279 237 216 189 177 186 164 153 142 141 168 178 190 202 225 216 260 285 299 311 372 392 376 392 381 384 392 421 387 392 397 387 361 338 317 306 288 263 278 255 236 250 283 288 340 346 357 403 387 366 386 383 425 373 421 404 391 369 339 307 278 284 272 248 224 234 247 270 281 287 292 287 295 297 328 343 379 429 443 445 409 397 426 400 425 434 443 450 462 479 493 476 477 457 442 441 409 430 430 398 389 393 360 322 283 258 219 212 212 189 192 202 206 253 257 300 363 413 485 513 586 616 682 727 744 734 782 767 763 771 788 756 769 763 767 740 792 776 770 668 672 695 680 671 657 643 630 616 615 599 644 656 646 688 667 641 626 670 667 673 685 687 685 759 772 772 822 842 804 794 804 806 791 781 767 734 702 709 623 581 600 610 573 561 515 534 478 469 490 486 469 474 514 540 570 617 685 726 753 863 890 898 948 974 966 1008 1027 975 938 965 901 851 835 724 695 669 591 527 457 415 326 304 255 241 253 265 257 285 291 287 319 347 363 397 402 426 454 471 523 515 502 476 438 445 431 398 397 351 345 330 272 258 222 186 156 134 126 112 114 100 115 132 147 180 190 215 228 235 242 255 252 256 273 276 269 251 249 230 200 188 171 146 127 108 98 78 78 78 78 78 78 78 78 84 86 90 90 88 90 108 138 156 184 206 199 212 239 277 276 302 287 323 343 362 367 371 369 361 337 348 315 294 273 264 255 226 200 184 165 162 152 148 117 113 131 145 160 174 182 198 220 264 272 310 323 358 356 353 381 349 365 360 333 297 288 292 270 238 223 206 192 168 168 142 112 88 82 78 78 78 78 78 78 78 78 78 78 78 78 78 78 78 78 82 78 78 78 78 78 78 78 78 78 78 78 bytes
[Exif IFD0 - 0x011a] X Resolution = 72 dots per inch
[Exif IFD0 - 0x011b] Y Resolution = 72 dots per inch
[Exif IFD0 - 0x011c] Planar Configuration = Chunky (contiguous for each subsampling pixel)
[Exif IFD0 - 0x0128] Resolution Unit = Inch
[Exif IFD0 - 0x0140] Color Map = [768 values]
[Exif IFD0 - 0x830e] Pixel Scale = 2.438 2.438 0
[Exif IFD0 - 0x8482] Model Tie Point = 0 0 0 688258.224 4555765.966 0
[Exif IFD0 - 0x87af] GeoTIFF Geo Keys = [20 values]

[GeoTIFF - 0x0400] Model Type = Projected
[GeoTIFF - 0x0401] Raster Type = PixelIsArea
[GeoTIFF - 0x0c00] Projected Coordinate System Type = WGS84 UTM zone 17N
[GeoTIFF - 0x0c01] Projected Coordinate System Citation = UTM Zone 17 N with WGS84

[File Type - 0x0001] Detected File Type Name = TIFF
[File Type - 0x0002] Detected File Type Long Name = Tagged Image File Format
[File Type - 0x0003] Detected MIME Type = image/tiff
[File Type - 0x0004] Expected File Name Extension = tiff

[File - 0x0001] File Name = o41078a6.tif
[File - 0x0002] File Size = 7051388 bytes
[File - 0x0003] File Modified Date = <omitted for regression testing as checkout dependent>

- Exif IFD0
    - GeoTIFF
- File Type
- File

Generated using metadata-extractor
https://drewnoakes.com/code/exif/
